0, 220.0000,
1, 0.1179,
2, 0.1202,
3, 0.1217,
4, 0.1228,
5, 0.1239,
6, 0.1251,
7, 0.1262,
8, 0.1273,
9, 0.1281,
10, 0.1289,
11, 0.1300,
12, 0.1311,
13, 0.1319,
14, 0.1327,
15, 0.1334,
16, 0.1342,
17, 0.1353,
18, 0.1365,
19, 0.1372,
20, 0.1380,
21, 0.1387,
22, 0.1395,
23, 0.1402,
24, 0.1409,
25, 0.1416,
26, 0.1423,
27, 0.1430,
28, 0.1437,
29, 0.1444,
30, 0.1451,
31, 0.1458,
32, 0.1469,
33, 0.1480,
34, 0.1487,
35, 0.1494,
36, 0.1501,
37, 0.1508,
38, 0.1515,
39, 0.1522,
40, 0.1529,
41, 0.1536,
42, 0.1547,
43, 0.1558,
44, 0.1565,
45, 0.1573,
46, 0.1580,
47, 0.1588,
48, 0.1596,
49, 0.1607,
50, 0.1619,
51, 0.1627,
52, 0.1635,
53, 0.1643,
54, 0.1651,
55, 0.1663,
56, 0.1675,
57, 0.1683,
58, 0.1691,
59, 0.1699,
60, 0.1707,
61, 0.1715,
62, 0.1724,
63, 0.1736,
64, 0.1748,
65, 0.1756,
66, 0.1764,
67, 0.1772,
68, 0.1779,
69, 0.1791,
70, 0.1802,
71, 0.1810,
72, 0.1817,
73, 0.1825,
74, 0.1832,
75, 0.1843,
76, 0.1855,
77, 0.1862,
78, 0.1870,
79, 0.1877,
80, 0.1885,
81, 0.1893,
82, 0.1900,
83, 0.1908,
84, 0.1915,
85, 0.1923,
86, 0.1930,
87, 0.1938,
88, 0.1946,
89, 0.1953,
90, 0.1961,
91, 0.1968,
92, 0.1976,
93, 0.1984,
94, 0.1991,
95, 0.1999,
96, 0.2006,
97, 0.2013,
98, 0.2020,
99, 0.2027,
100, 0.2034,
101, 0.2041,
102, 0.2048,
103, 0.2055,
104, 0.2062,
105, 0.2069,
106, 0.2076,
107, 0.2083,
108, 0.2090,
109, 0.2097,
110, 0.2105,
111, 0.2112,
112, 0.2119,
113, 0.2126,
114, 0.2133,
115, 0.2141,
116, 0.2151,
117, 0.2163,
118, 0.2170,
119, 0.2178,
120, 0.2185,
121, 0.2193,
122, 0.2205,
123, 0.2216,
124, 0.2224,
125, 0.2232,
126, 0.2240,
127, 0.2248,
128, 0.2255,
129, 0.2263,
130, 0.2271,
131, 0.2278,
132, 0.2286,
133, 0.2294,
134, 0.2301,
135, 0.2309,
136, 0.2320,
137, 0.2331,
138, 0.2339,
139, 0.2346,
140, 0.2354,
141, 0.2361,
142, 0.2368,
143, 0.2378,
144, 0.2389,
145, 0.2395,
146, 0.2406,
147, 0.2416,
148, 0.2423,
149, 0.2430,
150, 0.2437,
151, 0.2447,
152, 0.2458,
153, 0.2466,
154, 0.2473,
155, 0.2480,
156, 0.2488,
157, 0.2495,
158, 0.2503,
159, 0.2510,
160, 0.2518,
161, 0.2526,
162, 0.2534,
163, 0.2542,
164, 0.2550,
165, 0.2555,
166, 0.2559,
167, 0.2567,
168, 0.2576,
169, 0.2585,
170, 0.2593,
171, 0.2602,
172, 0.2611,
173, 0.2619,
174, 0.2628,
175, 0.2636,
176, 0.2645,
177, 0.2654,
178, 0.2662,
179, 0.2671,
180, 0.2684,
181, 0.2697,
182, 0.2705,
183, 0.2714,
184, 0.2722,
185, 0.2731,
186, 0.2739,
187, 0.2747,
188, 0.2755,
189, 0.2762,
190, 0.2770,
191, 0.2778,
192, 0.2785,
193, 0.2793,
194, 0.2800,
195, 0.2808,
196, 0.2819,
197, 0.2830,
198, 0.2838,
199, 0.2845,
200, 0.2852,
201, 0.2860,
202, 0.2867,
203, 0.2878,
204, 0.2889,
205, 0.2897,
206, 0.2908,
207, 0.2919,
208, 0.2927,
209, 0.2934,
210, 0.2946,
211, 0.2958,
212, 0.2965,
213, 0.2973,
214, 0.2981,
215, 0.2988,
216, 0.2996,
217, 0.3003,
218, 0.3011,
219, 0.3018,
220, 0.3026,
221, 0.3033,
222, 0.3041,
223, 0.3045,
224, 0.3048,
225, 0.3056,
226, 0.3064,
227, 0.3071,
228, 0.3079,
229, 0.3087,
230, 0.3094,
231, 0.3102,
232, 0.3109,
233, 0.3117,
234, 0.3124,
235, 0.3135,
236, 0.3147,
237, 0.3154,
238, 0.3162,
239, 0.3173,
240, 0.3184,
241, 0.3192,
242, 0.3204,
243, 0.3215,
244, 0.3223,
245, 0.3230,
246, 0.3241,
247, 0.3252,
248, 0.3260,
249, 0.3267,
250, 0.3275,
251, 0.3282,
252, 0.3294,
253, 0.3305,
254, 0.3313,
255, 0.3321,
256, 0.3328,
257, 0.3336,
258, 0.3344,
259, 0.3351,
260, 0.3359,
261, 0.3367,
262, 0.3374,
263, 0.3385,
264, 0.3397,
265, 0.3404,
266, 0.3412,
267, 0.3419,
268, 0.3427,
269, 0.3434,
270, 0.3442,
271, 0.3449,
272, 0.3457,
273, 0.3464,
274, 0.3471,
275, 0.3478,
276, 0.3484,
277, 0.3491,
278, 0.3498,
279, 0.3505,
280, 0.3512,
281, 0.3519,
282, 0.3526,
283, 0.3533,
284, 0.3540,
285, 0.3547,
286, 0.3554,
287, 0.3562,
288, 0.3569,
289, 0.3577,
290, 0.3584,
291, 0.3592,
292, 0.3600,
293, 0.3608,
294, 0.3615,
295, 0.3627,
296, 0.3640,
297, 0.3648,
298, 0.3656,
299, 0.3664,
300, 0.3673,
301, 0.3681,
302, 0.3689,
303, 0.3698,
304, 0.3706,
305, 0.3714,
306, 0.3721,
307, 0.3729,
308, 0.3736,
309, 0.3744,
310, 0.3752,
311, 0.3759,
312, 0.3767,
313, 0.3774,
314, 0.3782,
315, 0.3789,
316, 0.3797,
317, 0.3804,
318, 0.3812,
319, 0.3819,
320, 0.3827,
321, 0.3834,
322, 0.3842,
323, 0.3849,
324, 0.3856,
325, 0.3867,
326, 0.3879,
327, 0.3886,
328, 0.3894,
329, 0.3901,
330, 0.3909,
331, 0.3921,
332, 0.3932,
333, 0.3940,
334, 0.3948,
335, 0.3955,
336, 0.3966,
337, 0.3978,
338, 0.3985,
339, 0.3992,
340, 0.4000,
341, 0.4011,
342, 0.4023,
343, 0.4030,
344, 0.4038,
345, 0.4046,
346, 0.4054,
347, 0.4061,
348, 0.4069,
349, 0.4076,
350, 0.4084,
351, 0.4091,
352, 0.4098,
353, 0.4106,
354, 0.4113,
355, 0.4120,
356, 0.4128,
357, 0.4135,
358, 0.4143,
359, 0.4150,
360, 0.4158,
361, 0.4166,
362, 0.4174,
363, 0.4181,
364, 0.4189,
365, 0.4196,
366, 0.4207,
367, 0.4218,
368, 0.4226,
369, 0.4233,
370, 0.4244,
371, 0.4256,
372, 0.4263,
373, 0.4271,
374, 0.4283,
375, 0.4294,
376, 0.4302,
377, 0.4310,
378, 0.4317,
379, 0.4325,
380, 0.4332,
381, 0.4339,
382, 0.4347,
383, 0.4358,
384, 0.4369,
385, 0.4377,
386, 0.4384,
387, 0.4392,
388, 0.4400,
389, 0.4408,
390, 0.4415,
391, 0.4423,
392, 0.4431,
393, 0.4438,
394, 0.4449,
395, 0.4461,
396, 0.4468,
397, 0.4479,
398, 0.4491,
399, 0.4498,
400, 0.4506,
401, 0.4517,
402, 0.4529,
403, 0.4537,
404, 0.4544,
405, 0.4552,
406, 0.4559,
407, 0.4566,
408, 0.4573,
409, 0.4581,
410, 0.4588,
411, 0.4595,
412, 0.4603,
413, 0.4610,
414, 0.4618,
415, 0.4625,
416, 0.4629,
417, 0.4633,
418, 0.4641,
419, 0.4649,
420, 0.4657,
421, 0.4665,
422, 0.4673,
423, 0.4681,
424, 0.4689,
425, 0.4697,
426, 0.4705,
427, 0.4713,
428, 0.4725,
429, 0.4737,
430, 0.4745,
431, 0.4753,
432, 0.4762,
433, 0.4774,
434, 0.4786,
435, 0.4794,
436, 0.4802,
437, 0.4809,
438, 0.4820,
439, 0.4830,
440, 0.4837,
441, 0.4844,
442, 0.4851,
443, 0.4858,
444, 0.4865,
445, 0.4876,
446, 0.4886,
447, 0.4893,
448, 0.4900,
449, 0.4908,
450, 0.4915,
451, 0.4922,
452, 0.4929,
453, 0.4939,
454, 0.4950,
455, 0.4958,
456, 0.4965,
457, 0.4972,
458, 0.4980,
459, 0.4992,
460, 0.5003,
461, 0.5011,
462, 0.5019,
463, 0.5027,
464, 0.5035,
465, 0.5042,
466, 0.5050,
467, 0.5061,
468, 0.5072,
469, 0.5079,
470, 0.5087,
471, 0.5094,
472, 0.5102,
473, 0.5109,
474, 0.5117,
475, 0.5125,
476, 0.5133,
477, 0.5140,
478, 0.5148,
479, 0.5156,
480, 0.5163,
481, 0.5171,
482, 0.5178,
483, 0.5185,
484, 0.5193,
485, 0.5200,
486, 0.5207,
487, 0.5215,
488, 0.5223,
489, 0.5230,
490, 0.5238,
491, 0.5246,
492, 0.5253,
493, 0.5261,
494, 0.5269,
495, 0.5277,
496, 0.5284,
497, 0.5295,
498, 0.5306,
499, 0.5314,
500, 0.5321,
501, 0.5328,
502, 0.5340,
503, 0.5351,
504, 0.5359,
505, 0.5367,
506, 0.5374,
507, 0.5382,
508, 0.5390,
509, 0.5398,
510, 0.5405,
511, 0.5413,
512, 0.5420,
513, 0.5427,
514, 0.5435,
515, 0.5439,
516, 0.5442,
517, 0.5450,
518, 0.5457,
519, 0.5465,
520, 0.5473,
521, 0.5476,
522, 0.5480,
523, 0.5488,
524, 0.5496,
525, 0.5503,
526, 0.5507,
527, 0.5511,
528, 0.5519,
529, 0.5526,
530, 0.5533,
531, 0.5540,
532, 0.5547,
533, 0.5551,
534, 0.5555,
535, 0.5562,
536, 0.5569,
537, 0.5577,
538, 0.5584,
539, 0.5592,
540, 0.5600,
541, 0.5608,
542, 0.5616,
543, 0.5624,
544, 0.5632,
545, 0.5640,
546, 0.5648,
547, 0.5656,
548, 0.5664,
549, 0.5671,
550, 0.5680,
551, 0.5688,
552, 0.5696,
553, 0.5708,
554, 0.5720,
555, 0.5728,
556, 0.5737,
557, 0.5745,
558, 0.5753,
559, 0.5761,
560, 0.5769,
561, 0.5776,
562, 0.5786,
563, 0.5797,
564, 0.5804,
565, 0.5811,
566, 0.5817,
567, 0.5824,
568, 0.5835,
569, 0.5845,
570, 0.5852,
571, 0.5859,
572, 0.5866,
573, 0.5874,
574, 0.5881,
575, 0.5888,
576, 0.5895,
577, 0.5902,
578, 0.5909,
579, 0.5916,
580, 0.5924,
581, 0.5931,
582, 0.5939,
583, 0.5946,
584, 0.5954,
585, 0.5966,
586, 0.5978,
587, 0.5986,
588, 0.5994,
589, 0.6002,
590, 0.6013,
591, 0.6024,
592, 0.6035,
593, 0.6046,
594, 0.6054,
595, 0.6065,
596, 0.6076,
597, 0.6084,
598, 0.6096,
599, 0.6107,
600, 0.6115,
601, 0.6123,
602, 0.6130,
603, 0.6137,
604, 0.6145,
605, 0.6152,
606, 0.6159,
607, 0.6167,
608, 0.6174,
609, 0.6182,
610, 0.6189,
611, 0.6193,
612, 0.6197,
613, 0.6205,
614, 0.6212,
615, 0.6220,
616, 0.6228,
617, 0.6236,
618, 0.6244,
619, 0.6251,
620, 0.6262,
621, 0.6273,
622, 0.6281,
623, 0.6292,
624, 0.6303,
625, 0.6315,
626, 0.6326,
627, 0.6334,
628, 0.6346,
629, 0.6357,
630, 0.6365,
631, 0.6372,
632, 0.6379,
633, 0.6389,
634, 0.6400,
635, 0.6407,
636, 0.6414,
637, 0.6422,
638, 0.6429,
639, 0.6437,
640, 0.6445,
641, 0.6449,
642, 0.6453,
643, 0.6461,
644, 0.6469,
645, 0.6478,
646, 0.6486,
647, 0.6494,
648, 0.6502,
649, 0.6510,
650, 0.6519,
651, 0.6527,
652, 0.6535,
653, 0.6544,
654, 0.6553,
655, 0.6561,
656, 0.6570,
657, 0.6579,
658, 0.6588,
659, 0.6597,
660, 0.6606,
661, 0.6614,
662, 0.6623,
663, 0.6631,
664, 0.6638,
665, 0.6646,
666, 0.6653,
667, 0.6661,
668, 0.6668,
669, 0.6676,
670, 0.6683,
671, 0.6690,
672, 0.6698,
673, 0.6705,
674, 0.6713,
675, 0.6720,
676, 0.6728,
677, 0.6735,
678, 0.6743,
679, 0.6750,
680, 0.6757,
681, 0.6768,
682, 0.6778,
683, 0.6786,
684, 0.6793,
685, 0.6804,
686, 0.6816,
687, 0.6824,
688, 0.6832,
689, 0.6844,
690, 0.6856,
691, 0.6864,
692, 0.6871,
693, 0.6882,
694, 0.6894,
695, 0.6901,
696, 0.6909,
697, 0.6920,
698, 0.6931,
699, 0.6939,
700, 0.6947,
701, 0.6954,
702, 0.6962,
703, 0.6970,
704, 0.6977,
705, 0.6985,
706, 0.6992,
707, 0.6998,
708, 0.7005,
709, 0.7011,
710, 0.7018,
711, 0.7025,
712, 0.7032,
713, 0.7039,
714, 0.7046,
715, 0.7053,
716, 0.7060,
717, 0.7067,
718, 0.7075,
719, 0.7082,
720, 0.7090,
721, 0.7098,
722, 0.7105,
723, 0.7113,
724, 0.7120,
725, 0.7128,
726, 0.7136,
727, 0.7147,
728, 0.7160,
729, 0.7168,
730, 0.7176,
731, 0.7185,
732, 0.7193,
733, 0.7201,
734, 0.7210,
735, 0.7219,
736, 0.7227,
737, 0.7234,
738, 0.7242,
739, 0.7249,
740, 0.7257,
741, 0.7268,
742, 0.7279,
743, 0.7287,
744, 0.7294,
745, 0.7302,
746, 0.7309,
747, 0.7317,
748, 0.7325,
749, 0.7332,
750, 0.7340,
751, 0.7348,
752, 0.7355,
753, 0.7362,
754, 0.7373,
755, 0.7384,
756, 0.7391,
757, 0.7399,
758, 0.7406,
759, 0.7414,
760, 0.7422,
761, 0.7429,
762, 0.7437,
763, 0.7445,
764, 0.7453,
765, 0.7461,
766, 0.7469,
767, 0.7476,
768, 0.7483,
769, 0.7490,
770, 0.7498,
771, 0.7505,
772, 0.7512,
773, 0.7519,
774, 0.7527,
775, 0.7534,
776, 0.7538,
777, 0.7542,
778, 0.7550,
779, 0.7557,
780, 0.7565,
781, 0.7573,
782, 0.7581,
783, 0.7589,
784, 0.7596,
785, 0.7603,
786, 0.7610,
787, 0.7621,
788, 0.7632,
789, 0.7640,
790, 0.7647,
791, 0.7655,
792, 0.7663,
793, 0.7674,
794, 0.7686,
795, 0.7694,
796, 0.7702,
797, 0.7710,
798, 0.7717,
799, 0.7724,
800, 0.7735,
801, 0.7746,
802, 0.7753,
803, 0.7761,
804, 0.7768,
805, 0.7776,
806, 0.7784,
807, 0.7791,
808, 0.7799,
809, 0.7807,
810, 0.7815,
811, 0.7823,
812, 0.7831,
813, 0.7838,
814, 0.7845,
815, 0.7856,
816, 0.7867,
817, 0.7874,
818, 0.7882,
819, 0.7889,
820, 0.7897,
821, 0.7905,
822, 0.7916,
823, 0.7928,
824, 0.7936,
825, 0.7944,
826, 0.7952,
827, 0.7959,
828, 0.7970,
829, 0.7980,
830, 0.7988,
831, 0.7995,
832, 0.8002,
833, 0.8010,
834, 0.8021,
835, 0.8033,
836, 0.8041,
837, 0.8049,
838, 0.8057,
839, 0.8065,
840, 0.8073,
841, 0.8080,
842, 0.8087,
843, 0.8098,
844, 0.8109,
845, 0.8117,
846, 0.8124,
847, 0.8132,
848, 0.8139,
849, 0.8147,
850, 0.8155,
851, 0.8163,
852, 0.8170,
853, 0.8178,
854, 0.8186,
855, 0.8194,
856, 0.8201,
857, 0.8208,
858, 0.8215,
859, 0.8222,
860, 0.8229,
861, 0.8236,
862, 0.8243,
863, 0.8250,
864, 0.8257,
865, 0.8264,
866, 0.8271,
867, 0.8278,
868, 0.8285,
869, 0.8292,
870, 0.8299,
871, 0.8306,
872, 0.8314,
873, 0.8323,
874, 0.8332,
875, 0.8342,
876, 0.8349,
877, 0.8361,
878, 0.8373,
879, 0.8382,
880, 0.8392,
881, 0.8402,
882, 0.8412,
883, 0.8418,
884, 0.8423,
885, 0.8435,
886, 0.8447,
887, 0.8453,
888, 0.8459,
889, 0.8466,
890, 0.8472,
891, 0.8486,
892, 0.8492,
893, 0.8499,
894, 0.8506,
895, 0.8513,
896, 0.8527,
897, 0.8534,
898, 0.8542,
899, 0.8549,
900, 0.8556,
901, 0.8563,
902, 0.8570,
903, 0.8578,
904, 0.8585,
905, 0.8599,
906, 0.8606,
907, 0.8613,
908, 0.8620,
909, 0.8627,
910, 0.8640,
911, 0.8647,
912, 0.8653,
913, 0.8664,
914, 0.8674,
915, 0.8679,
916, 0.8684,
917, 0.8693,
918, 0.8702,
919, 0.8710,
920, 0.8722,
921, 0.8734,
922, 0.8741,
923, 0.8748,
924, 0.8755,
925, 0.8765,
926, 0.8775,
927, 0.8782,
928, 0.8788,
929, 0.8794,
930, 0.8804,
931, 0.8814,
932, 0.8820,
933, 0.8827,
934, 0.8834,
935, 0.8841,
936, 0.8848,
937, 0.8852,
938, 0.8856,
939, 0.8863,
940, 0.8871,
941, 0.8879,
942, 0.8887,
943, 0.8895,
944, 0.8902,
945, 0.8909,
946, 0.8916,
947, 0.8923,
948, 0.8934,
949, 0.8945,
950, 0.8952,
951, 0.8960,
952, 0.8967,
953, 0.8975,
954, 0.8983,
955, 0.8991,
956, 0.8999,
957, 0.9007,
958, 0.9015,
959, 0.9022,
960, 0.9029,
961, 0.9036,
962, 0.9044,
963, 0.9051,
964, 0.9058,
965, 0.9069,
966, 0.9081,
967, 0.9088,
968, 0.9096,
969, 0.9104,
970, 0.9112,
971, 0.9120,
972, 0.9128,
973, 0.9136,
974, 0.9146,
975, 0.9157,
976, 0.9164,
977, 0.9175,
978, 0.9186,
979, 0.9194,
980, 0.9201,
981, 0.9213,
982, 0.9225,
983, 0.9233,
984, 0.9241,
985, 0.9249,
986, 0.9257,
987, 0.9264,
988, 0.9271,
989, 0.9279,
990, 0.9286,
991, 0.9293,
992, 0.9301,
993, 0.9308,
994, 0.9316,
995, 0.9324,
996, 0.9331,
997, 0.9335,
998, 0.9339,
999, 0.9347,
1000, 0.9355,
1001, 0.9362,
1002, 0.9370,
1003, 0.9378,
1004, 0.9384,
1005, 0.9391,
1006, 0.9401,
1007, 0.9411,
1008, 0.9417,
1009, 0.9424,
1010, 0.9431,
1011, 0.9438,
1012, 0.9445,
1013, 0.9452,
1014, 0.9460,
1015, 0.9467,
1016, 0.9475,
1017, 0.9483,
1018, 0.9491,
1019, 0.9498,
1020, 0.9505,
1021, 0.9509,
1022, 0.9513,
1023, 0.9520,
1024, 0.9528,
1025, 0.9532,
1026, 0.9536,
1027, 0.9544,
1028, 0.9552,
1029, 0.9556,
1030, 0.9560,
1031, 0.9569,
1032, 0.9577,
1033, 0.9581,
1034, 0.9586,
1035, 0.9594,
1036, 0.9603,
1037, 0.9607,
1038, 0.9611,
1039, 0.9620,
1040, 0.9627,
1041, 0.9635,
1042, 0.9642,
1043, 0.9649,
1044, 0.9656,
1045, 0.9667,
1046, 0.9678,
1047, 0.9686,
1048, 0.9693,
1049, 0.9701,
1050, 0.9713,
1051, 0.9724,
1052, 0.9732,
1053, 0.9740,
1054, 0.9747,
1055, 0.9754,
1056, 0.9764,
1057, 0.9775,
1058, 0.9782,
1059, 0.9790,
1060, 0.9797,
1061, 0.9805,
1062, 0.9813,
1063, 0.9821,
1064, 0.9825,
1065, 0.9828,
1066, 0.9837,
1067, 0.9845,
1068, 0.9853,
1069, 0.9861,
1070, 0.9868,
1071, 0.9875,
1072, 0.9882,
1073, 0.9889,
1074, 0.9897,
1075, 0.9904,
1076, 0.9911,
1077, 0.9919,
1078, 0.9930,
1079, 0.9942,
1080, 0.9950,
1081, 0.9958,
1082, 0.9966,
1083, 0.9974,
1084, 0.9982,
1085, 0.9989,
1086, 1.0000,
1087, 1.0010,
1088, 1.0017,
1089, 1.0028,
1090, 1.0040,
1091, 1.0047,
1092, 1.0055,
1093, 1.0067,
1094, 1.0079,
1095, 1.0087,
1096, 1.0095,
1097, 1.0103,
1098, 1.0110,
1099, 1.0120,
1100, 1.0131,
1101, 1.0138,
1102, 1.0146,
1103, 1.0153,
1104, 1.0161,
1105, 1.0168,
1106, 1.0176,
1107, 1.0184,
1108, 1.0192,
1109, 1.0200,
1110, 1.0208,
1111, 1.0216,
1112, 1.0224,
1113, 1.0231,
1114, 1.0238,
1115, 1.0245,
1116, 1.0253,
1117, 1.0264,
1118, 1.0275,
1119, 1.0282,
1120, 1.0290,
1121, 1.0297,
1122, 1.0305,
1123, 1.0313,
1124, 1.0321,
1125, 1.0329,
1126, 1.0337,
1127, 1.0345,
1128, 1.0352,
1129, 1.0358,
1130, 1.0368,
1131, 1.0379,
1132, 1.0386,
1133, 1.0393,
1134, 1.0400,
1135, 1.0408,
1136, 1.0416,
1137, 1.0424,
1138, 1.0432,
1139, 1.0440,
1140, 1.0449,
1141, 1.0457,
1142, 1.0466,
1143, 1.0474,
1144, 1.0482,
1145, 1.0490,
1146, 1.0498,
1147, 1.0507,
1148, 1.0515,
1149, 1.0524,
1150, 1.0533,
1151, 1.0542,
1152, 1.0550,
1153, 1.0555,
1154, 1.0559,
1155, 1.0568,
1156, 1.0577,
1157, 1.0586,
1158, 1.0594,
1159, 1.0603,
1160, 1.0610,
1161, 1.0617,
1162, 1.0627,
1163, 1.0637,
1164, 1.0643,
1165, 1.0650,
1166, 1.0657,
1167, 1.0664,
1168, 1.0674,
1169, 1.0685,
1170, 1.0692,
1171, 1.0700,
1172, 1.0707,
1173, 1.0715,
1174, 1.0722,
1175, 1.0729,
1176, 1.0736,
1177, 1.0743,
1178, 1.0755,
1179, 1.0767,
1180, 1.0775,
1181, 1.0783,
1182, 1.0787,
1183, 1.0791,
1184, 1.0800,
1185, 1.0809,
1186, 1.0817,
1187, 1.0826,
1188, 1.0835,
1189, 1.0844,
1190, 1.0851,
1191, 1.0859,
1192, 1.0866,
1193, 1.0874,
1194, 1.0881,
1195, 1.0893,
1196, 1.0904,
1197, 1.0911,
1198, 1.0919,
1199, 1.0927,
1200, 1.0934,
1201, 1.0942,
1202, 1.0950,
1203, 1.0957,
1204, 1.0965,
1205, 1.0971,
1206, 1.0981,
1207, 1.0990,
1208, 1.0997,
1209, 1.1003,
1210, 1.1010,
1211, 1.1017,
1212, 1.1024,
1213, 1.1035,
1214, 1.1046,
1215, 1.1054,
1216, 1.1062,
1217, 1.1070,
1218, 1.1078,
1219, 1.1085,
1220, 1.1096,
1221, 1.1108,
1222, 1.1116,
1223, 1.1123,
1224, 1.1136,
1225, 1.1148,
1226, 1.1156,
1227, 1.1165,
1228, 1.1173,
1229, 1.1182,
1230, 1.1190,
1231, 1.1199,
1232, 1.1207,
1233, 1.1214,
1234, 1.1220,
1235, 1.1227,
1236, 1.1234,
1237, 1.1244,
1238, 1.1254,
1239, 1.1261,
1240, 1.1268,
1241, 1.1271,
1242, 1.1275,
1243, 1.1282,
1244, 1.1289,
1245, 1.1297,
1246, 1.1304,
1247, 1.1312,
1248, 1.1320,
1249, 1.1327,
1250, 1.1334,
1251, 1.1341,
1252, 1.1349,
1253, 1.1356,
1254, 1.1364,
1255, 1.1372,
1256, 1.1380,
1257, 1.1388,
1258, 1.1396,
1259, 1.1405,
1260, 1.1413,
1261, 1.1422,
1262, 1.1431,
1263, 1.1439,
1264, 1.1448,
1265, 1.1455,
1266, 1.1462,
1267, 1.1470,
1268, 1.1480,
1269, 1.1491,
1270, 1.1499,
1271, 1.1506,
1272, 1.1514,
1273, 1.1522,
1274, 1.1529,
1275, 1.1537,
1276, 1.1545,
1277, 1.1553,
1278, 1.1561,
1279, 1.1569,
1280, 1.1576,
1281, 1.1583,
1282, 1.1593,
1283, 1.1604,
1284, 1.1611,
1285, 1.1618,
1286, 1.1626,
1287, 1.1634,
1288, 1.1641,
1289, 1.1649,
1290, 1.1657,
1291, 1.1665,
1292, 1.1673,
1293, 1.1682,
1294, 1.1690,
1295, 1.1697,
1296, 1.1704,
1297, 1.1714,
1298, 1.1725,
1299, 1.1732,
1300, 1.1740,
1301, 1.1747,
1302, 1.1755,
1303, 1.1763,
1304, 1.1770,
1305, 1.1778,
1306, 1.1786,
1307, 1.1795,
1308, 1.1803,
1309, 1.1811,
1310, 1.1818,
1311, 1.1825,
1312, 1.1832,
1313, 1.1839,
1314, 1.1846,
1315, 1.1853,
1316, 1.1861,
1317, 1.1868,
1318, 1.1876,
1319, 1.1884,
1320, 1.1891,
1321, 1.1899,
1322, 1.1907,
1323, 1.1916,
1324, 1.1924,
1325, 1.1932,
1326, 1.1939,
1327, 1.1949,
1328, 1.1960,
1329, 1.1967,
1330, 1.1978,
1331, 1.1989,
1332, 1.1996,
1333, 1.2008,
1334, 1.2020,
1335, 1.2028,
1336, 1.2036,
1337, 1.2045,
1338, 1.2053,
1339, 1.2060,
1340, 1.2067,
1341, 1.2074,
1342, 1.2082,
1343, 1.2089,
1344, 1.2096,
1345, 1.2104,
1346, 1.2111,
1347, 1.2119,
1348, 1.2127,
1349, 1.2135,
1350, 1.2142,
1351, 1.2150,
1352, 1.2158,
1353, 1.2166,
1354, 1.2174,
1355, 1.2180,
1356, 1.2190,
1357, 1.2199,
1358, 1.2209,
1359, 1.2219,
1360, 1.2226,
1361, 1.2233,
1362, 1.2243,
1363, 1.2255,
1364, 1.2262,
1365, 1.2270,
1366, 1.2278,
1367, 1.2286,
1368, 1.2293,
1369, 1.2300,
1370, 1.2307,
1371, 1.2315,
1372, 1.2322,
1373, 1.2330,
1374, 1.2338,
1375, 1.2346,
1376, 1.2354,
1377, 1.2363,
1378, 1.2371,
1379, 1.2376,
1380, 1.2380,
1381, 1.2389,
1382, 1.2397,
1383, 1.2406,
1384, 1.2415,
1385, 1.2422,
1386, 1.2433,
1387, 1.2444,
1388, 1.2451,
1389, 1.2458,
1390, 1.2469,
1391, 1.2481,
1392, 1.2488,
1393, 1.2496,
1394, 1.2508,
1395, 1.2520,
1396, 1.2528,
1397, 1.2536,
1398, 1.2543,
1399, 1.2553,
1400, 1.2563,
1401, 1.2571,
1402, 1.2578,
1403, 1.2585,
1404, 1.2593,
1405, 1.2600,
1406, 1.2608,
1407, 1.2616,
1408, 1.2624,
1409, 1.2632,
1410, 1.2640,
1411, 1.2649,
1412, 1.2657,
1413, 1.2664,
1414, 1.2674,
1415, 1.2685,
1416, 1.2692,
1417, 1.2699,
1418, 1.2710,
1419, 1.2722,
1420, 1.2729,
1421, 1.2737,
1422, 1.2745,
1423, 1.2753,
1424, 1.2761,
1425, 1.2770,
1426, 1.2778,
1427, 1.2785,
1428, 1.2792,
1429, 1.2799,
1430, 1.2806,
1431, 1.2813,
1432, 1.2820,
1433, 1.2827,
1434, 1.2835,
1435, 1.2842,
1436, 1.2850,
1437, 1.2858,
1438, 1.2866,
1439, 1.2870,
1440, 1.2874,
1441, 1.2882,
1442, 1.2891,
1443, 1.2899,
1444, 1.2906,
1445, 1.2913,
1446, 1.2920,
1447, 1.2927,
1448, 1.2937,
1449, 1.2948,
1450, 1.2956,
1451, 1.2964,
1452, 1.2971,
1453, 1.2979,
1454, 1.2987,
1455, 1.2995,
1456, 1.3003,
1457, 1.3012,
1458, 1.3020,
1459, 1.3027,
1460, 1.3034,
1461, 1.3044,
1462, 1.3054,
1463, 1.3062,
1464, 1.3069,
1465, 1.3076,
1466, 1.3084,
1467, 1.3092,
1468, 1.3099,
1469, 1.3107,
1470, 1.3115,
1471, 1.3123,
1472, 1.3132,
1473, 1.3140,
1474, 1.3147,
1475, 1.3157,
1476, 1.3168,
1477, 1.3175,
1478, 1.3182,
1479, 1.3189,
1480, 1.3201,
1481, 1.3212,
1482, 1.3220,
1483, 1.3228,
1484, 1.3236,
1485, 1.3244,
1486, 1.3253,
1487, 1.3261,
1488, 1.3268,
1489, 1.3278,
1490, 1.3288,
1491, 1.3295,
1492, 1.3302,
1493, 1.3309,
1494, 1.3317,
1495, 1.3325,
1496, 1.3332,
1497, 1.3340,
1498, 1.3348,
1499, 1.3357,
1500, 1.3365,
1501, 1.3373,
1502, 1.3382,
1503, 1.3389,
1504, 1.3396,
1505, 1.3404,
1506, 1.3411,
1507, 1.3419,
1508, 1.3426,
1509, 1.3434,
1510, 1.3442,
1511, 1.3451,
1512, 1.3459,
1513, 1.3467,
1514, 1.3476,
1515, 1.3485,
1516, 1.3493,
1517, 1.3502,
1518, 1.3511,
1519, 1.3518,
1520, 1.3525,
1521, 1.3533,
1522, 1.3540,
1523, 1.3547,
1524, 1.3554,
1525, 1.3562,
1526, 1.3569,
1527, 1.3577,
1528, 1.3585,
1529, 1.3592,
1530, 1.3600,
1531, 1.3608,
1532, 1.3616,
1533, 1.3624,
1534, 1.3632,
1535, 1.3638,
1536, 1.3645,
1537, 1.3651,
1538, 1.3658,
1539, 1.3664,
1540, 1.3671,
1541, 1.3678,
1542, 1.3685,
1543, 1.3692,
1544, 1.3699,
1545, 1.3706,
1546, 1.3714,
1547, 1.3718,
1548, 1.3722,
1549, 1.3729,
1550, 1.3737,
1551, 1.3745,
1552, 1.3751,
1553, 1.3758,
1554, 1.3764,
1555, 1.3771,
1556, 1.3778,
1557, 1.3785,
1558, 1.3792,
1559, 1.3799,
1560, 1.3807,
1561, 1.3815,
1562, 1.3823,
1563, 1.3831,
1564, 1.3835,
1565, 1.3839,
1566, 1.3848,
1567, 1.3856,
1568, 1.3865,
1569, 1.3872,
1570, 1.3880,
1571, 1.3887,
1572, 1.3895,
1573, 1.3903,
1574, 1.3910,
1575, 1.3918,
1576, 1.3927,
1577, 1.3935,
1578, 1.3943,
1579, 1.3952,
1580, 1.3960,
1581, 1.3969,
1582, 1.3977,
1583, 1.3986,
1584, 1.3994,
1585, 1.4001,
1586, 1.4010,
1587, 1.4020,
1588, 1.4027,
1589, 1.4034,
1590, 1.4040,
1591, 1.4051,
1592, 1.4061,
1593, 1.4069,
1594, 1.4076,
1595, 1.4084,
1596, 1.4091,
1597, 1.4099,
1598, 1.4107,
1599, 1.4114,
1600, 1.4120,
1601, 1.4127,
1602, 1.4137,
1603, 1.4148,
1604, 1.4155,
1605, 1.4163,
1606, 1.4171,
1607, 1.4178,
1608, 1.4186,
1609, 1.4195,
1610, 1.4203,
1611, 1.4211,
1612, 1.4220,
1613, 1.4228,
1614, 1.4238,
1615, 1.4248,
1616, 1.4258,
1617, 1.4268,
1618, 1.4276,
1619, 1.4287,
1620, 1.4298,
1621, 1.4306,
1622, 1.4315,
1623, 1.4323,
1624, 1.4331,
1625, 1.4340,
1626, 1.4349,
1627, 1.4357,
1628, 1.4364,
1629, 1.4372,
1630, 1.4380,
1631, 1.4388,
1632, 1.4396,
1633, 1.4401,
1634, 1.4405,
1635, 1.4413,
1636, 1.4422,
1637, 1.4431,
1638, 1.4440,
1639, 1.4449,
1640, 1.4454,
1641, 1.4458,
1642, 1.4468,
1643, 1.4477,
1644, 1.4486,
1645, 1.4493,
1646, 1.4504,
1647, 1.4515,
1648, 1.4526,
1649, 1.4537,
1650, 1.4548,
1651, 1.4559,
1652, 1.4567,
1653, 1.4579,
1654, 1.4591,
1655, 1.4599,
1656, 1.4607,
1657, 1.4614,
1658, 1.4620,
1659, 1.4627,
1660, 1.4634,
1661, 1.4641,
1662, 1.4648,
1663, 1.4655,
1664, 1.4663,
1665, 1.4671,
1666, 1.4678,
1667, 1.4686,
1668, 1.4695,
1669, 1.4703,
1670, 1.4707,
1671, 1.4711,
1672, 1.4720,
1673, 1.4728,
1674, 1.4735,
1675, 1.4741,
1676, 1.4752,
1677, 1.4762,
1678, 1.4769,
1679, 1.4777,
1680, 1.4784,
1681, 1.4795,
1682, 1.4807,
1683, 1.4815,
1684, 1.4823,
1685, 1.4831,
1686, 1.4840,
1687, 1.4848,
1688, 1.4855,
1689, 1.4861,
1690, 1.4868,
1691, 1.4875,
1692, 1.4882,
1693, 1.4889,
1694, 1.4897,
1695, 1.4904,
1696, 1.4912,
1697, 1.4920,
1698, 1.4928,
1699, 1.4936,
1700, 1.4944,
1701, 1.4952,
1702, 1.4961,
1703, 1.4969,
1704, 1.4979,
1705, 1.4989,
1706, 1.4996,
1707, 1.5007,
1708, 1.5018,
1709, 1.5025,
1710, 1.5033,
1711, 1.5045,
1712, 1.5057,
1713, 1.5065,
1714, 1.5073,
1715, 1.5082,
1716, 1.5090,
1717, 1.5097,
1718, 1.5104,
1719, 1.5110,
1720, 1.5117,
1721, 1.5124,
1722, 1.5132,
1723, 1.5139,
1724, 1.5146,
1725, 1.5154,
1726, 1.5162,
1727, 1.5170,
1728, 1.5178,
1729, 1.5186,
1730, 1.5194,
1731, 1.5203,
1732, 1.5211,
1733, 1.5221,
1734, 1.5231,
1735, 1.5238,
1736, 1.5248,
1737, 1.5259,
1738, 1.5266,
1739, 1.5274,
1740, 1.5286,
1741, 1.5298,
1742, 1.5306,
1743, 1.5315,
1744, 1.5323,
1745, 1.5332,
1746, 1.5339,
1747, 1.5346,
1748, 1.5353,
1749, 1.5361,
1750, 1.5368,
1751, 1.5376,
1752, 1.5384,
1753, 1.5392,
1754, 1.5400,
1755, 1.5408,
1756, 1.5417,
1757, 1.5426,
1758, 1.5430,
1759, 1.5434,
1760, 1.5443,
1761, 1.5452,
1762, 1.5461,
1763, 1.5468,
1764, 1.5475,
1765, 1.5486,
1766, 1.5497,
1767, 1.5504,
1768, 1.5511,
1769, 1.5519,
1770, 1.5530,
1771, 1.5542,
1772, 1.5550,
1773, 1.5558,
1774, 1.5566,
1775, 1.5574,
1776, 1.5582,
1777, 1.5588,
1778, 1.5594,
1779, 1.5601,
1780, 1.5610,
1781, 1.5620,
1782, 1.5626,
1783, 1.5633,
1784, 1.5640,
1785, 1.5648,
1786, 1.5651,
1787, 1.5655,
1788, 1.5662,
1789, 1.5670,
1790, 1.5678,
1791, 1.5686,
1792, 1.5694,
1793, 1.5700,
1794, 1.5710,
1795, 1.5720,
1796, 1.5727,
1797, 1.5734,
1798, 1.5742,
1799, 1.5749,
1800, 1.5761,
1801, 1.5773,
1802, 1.5781,
1803, 1.5789,
1804, 1.5798,
1805, 1.5806,
1806, 1.5815,
1807, 1.5822,
1808, 1.5832,
1809, 1.5842,
1810, 1.5849,
1811, 1.5856,
1812, 1.5864,
1813, 1.5871,
1814, 1.5879,
1815, 1.5886,
1816, 1.5894,
1817, 1.5902,
1818, 1.5911,
1819, 1.5919,
1820, 1.5928,
1821, 1.5936,
1822, 1.5943,
1823, 1.5950,
1824, 1.5957,
1825, 1.5964,
1826, 1.5971,
1827, 1.5979,
1828, 1.5986,
1829, 1.5994,
1830, 1.6002,
1831, 1.6009,
1832, 1.6017,
1833, 1.6025,
1834, 1.6033,
1835, 1.6041,
1836, 1.6049,
1837, 1.6057,
1838, 1.6065,
1839, 1.6073,
1840, 1.6082,
1841, 1.6091,
1842, 1.6097,
1843, 1.6108,
1844, 1.6119,
1845, 1.6126,
1846, 1.6134,
1847, 1.6143,
1848, 1.6152,
1849, 1.6161,
1850, 1.6170,
1851, 1.6179,
1852, 1.6188,
1853, 1.6197,
1854, 1.6206,
1855, 1.6215,
1856, 1.6224,
1857, 1.6229,
1858, 1.6233,
1859, 1.6242,
1860, 1.6251,
1861, 1.6259,
1862, 1.6267,
1863, 1.6275,
1864, 1.6282,
1865, 1.6291,
1866, 1.6300,
1867, 1.6300,
1868, 1.6311,
1869, 1.6323,
1870, 1.6333,
1871, 1.6345,
1872, 1.6358,
1873, 1.6368,
1874, 1.6377,
1875, 1.6388,
1876, 1.6393,
1877, 1.6398,
1878, 1.6408,
1879, 1.6419,
1880, 1.6427,
1881, 1.6434,
1882, 1.6442,
1883, 1.6449,
1884, 1.6456,
1885, 1.6464,
1886, 1.6471,
1887, 1.6479,
1888, 1.6486,
1889, 1.6490,
1890, 1.6494,
1891, 1.6501,
1892, 1.6509,
1893, 1.6517,
1894, 1.6524,
1895, 1.6532,
1896, 1.6540,
1897, 1.6546,
1898, 1.6556,
1899, 1.6566,
1900, 1.6573,
1901, 1.6584,
1902, 1.6595,
1903, 1.6603,
1904, 1.6611,
1905, 1.6623,
1906, 1.6635,
1907, 1.6644,
1908, 1.6652,
1909, 1.6661,
1910, 1.6668,
1911, 1.6678,
1912, 1.6688,
1913, 1.6695,
1914, 1.6702,
1915, 1.6709,
1916, 1.6717,
1917, 1.6724,
1918, 1.6732,
1919, 1.6740,
1920, 1.6748,
1921, 1.6757,
1922, 1.6765,
1923, 1.6773,
1924, 1.6782,
1925, 1.6789,
1926, 1.6799,
1927, 1.6809,
1928, 1.6816,
1929, 1.6823,
1930, 1.6834,
1931, 1.6845,
1932, 1.6853,
1933, 1.6861,
1934, 1.6869,
1935, 1.6878,
1936, 1.6886,
1937, 1.6894,
1938, 1.6903,
1939, 1.6910,
1940, 1.6916,
1941, 1.6923,
1942, 1.6930,
1943, 1.6940,
1944, 1.6951,
1945, 1.6955,
1946, 1.6959,
1947, 1.6966,
1948, 1.6974,
1949, 1.6982,
1950, 1.6990,
1951, 1.6999,
1952, 1.7007,
1953, 1.7015,
1954, 1.7024,
1955, 1.7031,
1956, 1.7041,
1957, 1.7051,
1958, 1.7058,
1959, 1.7065,
1960, 1.7076,
1961, 1.7088,
1962, 1.7096,
1963, 1.7104,
1964, 1.7112,
1965, 1.7120,
1966, 1.7128,
1967, 1.7137,
1968, 1.7145,
1969, 1.7151,
1970, 1.7158,
1971, 1.7164,
1972, 1.7171,
1973, 1.7178,
1974, 1.7185,
1975, 1.7192,
1976, 1.7199,
1977, 1.7207,
1978, 1.7214,
1979, 1.7222,
1980, 1.7231,
1981, 1.7239,
1982, 1.7243,
1983, 1.7247,
1984, 1.7256,
1985, 1.7265,
1986, 1.7272,
1987, 1.7279,
1988, 1.7287,
1989, 1.7294,
1990, 1.7305,
1991, 1.7317,
1992, 1.7325,
1993, 1.7334,
1994, 1.7342,
1995, 1.7351,
1996, 1.7359,
1997, 1.7368,
1998, 1.7377,
1999, 1.7385,
2000, 1.7394,
2001, 1.7400,
2002, 1.7410,
2003, 1.7420,
2004, 1.7426,
2005, 1.7436,
2006, 1.7446,
2007, 1.7454,
2008, 1.7461,
2009, 1.7468,
2010, 1.7476,
2011, 1.7483,
2012, 1.7491,
2013, 1.7499,
2014, 1.7507,
2015, 1.7513,
2016, 1.7520,
2017, 1.7529,
2018, 1.7540,
2019, 1.7547,
2020, 1.7554,
2021, 1.7561,
2022, 1.7569,
2023, 1.7577,
2024, 1.7585,
2025, 1.7593,
2026, 1.7602,
2027, 1.7611,
2028, 1.7619,
2029, 1.7628,
2030, 1.7638,
2031, 1.7648,
2032, 1.7655,
2033, 1.7665,
2034, 1.7676,
2035, 1.7684,
2036, 1.7691,
2037, 1.7699,
2038, 1.7707,
2039, 1.7715,
2040, 1.7724,
2041, 1.7728,
2042, 1.7732,
2043, 1.7740,
2044, 1.7749,
2045, 1.7756,
2046, 1.7762,
2047, 1.7765,
2048, 1.7769,
2049, 1.7776,
2050, 1.7783,
2051, 1.7786,
2052, 1.7790,
2053, 1.7797,
2054, 1.7804,
2055, 1.7808,
2056, 1.7812,
2057, 1.7820,
2058, 1.7828,
2059, 1.7832,
2060, 1.7836,
2061, 1.7844,
2062, 1.7853,
2063, 1.7857,
2064, 1.7861,
2065, 1.7870,
2066, 1.7877,
2067, 1.7887,
2068, 1.7897,
2069, 1.7907,
2070, 1.7918,
2071, 1.7925,
2072, 1.7937,
2073, 1.7949,
2074, 1.7961,
2075, 1.7973,
2076, 1.7982,
2077, 1.7990,
2078, 1.7996,
2079, 1.8006,
2080, 1.8015,
2081, 1.8022,
2082, 1.8029,
2083, 1.8036,
2084, 1.8044,
2085, 1.8047,
2086, 1.8051,
2087, 1.8059,
2088, 1.8067,
2089, 1.8075,
2090, 1.8084,
2091, 1.8088,
2092, 1.8093,
2093, 1.8102,
2094, 1.8111,
2095, 1.8118,
2096, 1.8126,
2097, 1.8133,
2098, 1.8145,
2099, 1.8157,
2100, 1.8166,
2101, 1.8174,
2102, 1.8183,
2103, 1.8192,
2104, 1.8201,
2105, 1.8210,
2106, 1.8220,
2107, 1.8229,
2108, 1.8239,
2109, 1.8248,
2110, 1.8255,
2111, 1.8262,
2112, 1.8269,
2113, 1.8276,
2114, 1.8283,
2115, 1.8290,
2116, 1.8298,
2117, 1.8305,
2118, 1.8313,
2119, 1.8320,
2120, 1.8328,
2121, 1.8336,
2122, 1.8344,
2123, 1.8352,
2124, 1.8361,
2125, 1.8369,
2126, 1.8379,
2127, 1.8388,
2128, 1.8395,
2129, 1.8406,
2130, 1.8416,
2131, 1.8424,
2132, 1.8435,
2133, 1.8447,
2134, 1.8456,
2135, 1.8464,
2136, 1.8473,
2137, 1.8481,
2138, 1.8490,
2139, 1.8497,
2140, 1.8503,
2141, 1.8513,
2142, 1.8524,
2143, 1.8531,
2144, 1.8538,
2145, 1.8545,
2146, 1.8553,
2147, 1.8561,
2148, 1.8565,
2149, 1.8569,
2150, 1.8577,
2151, 1.8585,
2152, 1.8594,
2153, 1.8602,
2154, 1.8611,
2155, 1.8617,
2156, 1.8627,
2157, 1.8637,
2158, 1.8644,
2159, 1.8655,
2160, 1.8666,
2161, 1.8674,
2162, 1.8685,
2163, 1.8698,
2164, 1.8706,
2165, 1.8715,
2166, 1.8723,
2167, 1.8732,
2168, 1.8739,
2169, 1.8749,
2170, 1.8759,
2171, 1.8766,
2172, 1.8773,
2173, 1.8781,
2174, 1.8788,
2175, 1.8796,
2176, 1.8804,
2177, 1.8812,
2178, 1.8820,
2179, 1.8828,
2180, 1.8836,
2181, 1.8845,
2182, 1.8853,
2183, 1.8859,
2184, 1.8868,
2185, 1.8877,
2186, 1.8883,
2187, 1.8890,
2188, 1.8896,
2189, 1.8907,
2190, 1.8917,
2191, 1.8925,
2192, 1.8932,
2193, 1.8940,
2194, 1.8948,
2195, 1.8957,
2196, 1.8965,
2197, 1.8975,
2198, 1.8985,
2199, 1.8992,
2200, 1.8999,
2201, 1.9010,
2202, 1.9022,
2203, 1.9031,
2204, 1.9039,
2205, 1.9048,
2206, 1.9057,
2207, 1.9066,
2208, 1.9075,
2209, 1.9085,
2210, 1.9094,
2211, 1.9101,
2212, 1.9112,
2213, 1.9123,
2214, 1.9130,
2215, 1.9138,
2216, 1.9146,
2217, 1.9154,
2218, 1.9162,
2219, 1.9170,
2220, 1.9179,
2221, 1.9188,
2222, 1.9196,
2223, 1.9205,
2224, 1.9214,
2225, 1.9223,
2226, 1.9230,
2227, 1.9240,
2228, 1.9251,
2229, 1.9258,
2230, 1.9265,
2231, 1.9272,
2232, 1.9280,
2233, 1.9287,
2234, 1.9295,
2235, 1.9303,
2236, 1.9311,
2237, 1.9319,
2238, 1.9328,
2239, 1.9336,
2240, 1.9344,
2241, 1.9350,
2242, 1.9356,
2243, 1.9365,
2244, 1.9374,
2245, 1.9380,
2246, 1.9387,
2247, 1.9394,
2248, 1.9401,
2249, 1.9408,
2250, 1.9416,
2251, 1.9420,
2252, 1.9423,
2253, 1.9432,
2254, 1.9440,
2255, 1.9448,
2256, 1.9457,
2257, 1.9464,
2258, 1.9471,
2259, 1.9481,
2260, 1.9492,
2261, 1.9500,
2262, 1.9508,
2263, 1.9516,
2264, 1.9524,
2265, 1.9533,
2266, 1.9542,
2267, 1.9550,
2268, 1.9559,
2269, 1.9568,
2270, 1.9577,
2271, 1.9586,
2272, 1.9595,
2273, 1.9605,
2274, 1.9611,
2275, 1.9618,
2276, 1.9627,
2277, 1.9638,
2278, 1.9645,
2279, 1.9652,
2280, 1.9659,
2281, 1.9666,
2282, 1.9674,
2283, 1.9682,
2284, 1.9690,
2285, 1.9698,
2286, 1.9704,
2287, 1.9710,
2288, 1.9720,
2289, 1.9730,
2290, 1.9737,
2291, 1.9744,
2292, 1.9752,
2293, 1.9759,
2294, 1.9767,
2295, 1.9771,
2296, 1.9775,
2297, 1.9784,
2298, 1.9792,
2299, 1.9801,
2300, 1.9810,
2301, 1.9819,
2302, 1.9826,
2303, 1.9836,
2304, 1.9846,
2305, 1.9853,
2306, 1.9860,
2307, 1.9871,
2308, 1.9882,
2309, 1.9890,
2310, 1.9898,
2311, 1.9906,
2312, 1.9914,
2313, 1.9923,
2314, 1.9931,
2315, 1.9940,
2316, 1.9946,
2317, 1.9956,
2318, 1.9966,
2319, 1.9972,
2320, 1.9979,
2321, 1.9987,
2322, 1.9994,
2323, 2.0002,
2324, 2.0009,
2325, 2.0018,
2326, 2.0026,
2327, 2.0034,
2328, 2.0043,
2329, 2.0052,
2330, 2.0061,
2331, 2.0068,
2332, 2.0075,
2333, 2.0085,
2334, 2.0096,
2335, 2.0104,
2336, 2.0112,
2337, 2.0120,
2338, 2.0128,
2339, 2.0136,
2340, 2.0145,
2341, 2.0154,
2342, 2.0163,
2343, 2.0172,
2344, 2.0181,
2345, 2.0190,
2346, 2.0197,
2347, 2.0207,
2348, 2.0217,
2349, 2.0224,
2350, 2.0232,
2351, 2.0243,
2352, 2.0254,
2353, 2.0262,
2354, 2.0270,
2355, 2.0278,
2356, 2.0286,
2357, 2.0294,
2358, 2.0303,
2359, 2.0311,
2360, 2.0320,
2361, 2.0329,
2362, 2.0335,
2363, 2.0342,
2364, 2.0351,
2365, 2.0362,
2366, 2.0369,
2367, 2.0376,
2368, 2.0384,
2369, 2.0391,
2370, 2.0399,
2371, 2.0407,
2372, 2.0416,
2373, 2.0424,
2374, 2.0433,
2375, 2.0443,
2376, 2.0449,
2377, 2.0456,
2378, 2.0466,
2379, 2.0477,
2380, 2.0485,
2381, 2.0493,
2382, 2.0501,
2383, 2.0509,
2384, 2.0518,
2385, 2.0526,
2386, 2.0535,
2387, 2.0544,
2388, 2.0550,
2389, 2.0560,
2390, 2.0570,
2391, 2.0577,
2392, 2.0584,
2393, 2.0591,
2394, 2.0599,
2395, 2.0606,
2396, 2.0614,
2397, 2.0622,
2398, 2.0631,
2399, 2.0639,
2400, 2.0648,
2401, 2.0656,
2402, 2.0665,
2403, 2.0675,
2404, 2.0684,
2405, 2.0691,
2406, 2.0698,
2407, 2.0709,
2408, 2.0720,
2409, 2.0727,
2410, 2.0735,
2411, 2.0743,
2412, 2.0752,
2413, 2.0760,
2414, 2.0769,
2415, 2.0777,
2416, 2.0786,
2417, 2.0792,
2418, 2.0799,
2419, 2.0809,
2420, 2.0819,
2421, 2.0826,
2422, 2.0833,
2423, 2.0841,
2424, 2.0848,
2425, 2.0856,
2426, 2.0864,
2427, 2.0873,
2428, 2.0877,
2429, 2.0881,
2430, 2.0890,
2431, 2.0898,
2432, 2.0907,
2433, 2.0913,
2434, 2.0923,
2435, 2.0933,
2436, 2.0940,
2437, 2.0947,
2438, 2.0954,
2439, 2.0962,
2440, 2.0969,
2441, 2.0977,
2442, 2.0985,
2443, 2.0994,
2444, 2.1002,
2445, 2.1011,
2446, 2.1019,
2447, 2.1028,
2448, 2.1034,
2449, 2.1044,
2450, 2.1054,
2451, 2.1061,
2452, 2.1068,
2453, 2.1075,
2454, 2.1082,
2455, 2.1090,
2456, 2.1098,
2457, 2.1106,
2458, 2.1114,
2459, 2.1123,
2460, 2.1127,
2461, 2.1131,
2462, 2.1140,
2463, 2.1149,
2464, 2.1155,
2465, 2.1162,
2466, 2.1168,
2467, 2.1175,
2468, 2.1182,
2469, 2.1189,
2470, 2.1196,
2471, 2.1204,
2472, 2.1212,
2473, 2.1219,
2474, 2.1228,
2475, 2.1236,
2476, 2.1244,
2477, 2.1253,
2478, 2.1261,
2479, 2.1270,
2480, 2.1279,
2481, 2.1289,
2482, 2.1295,
2483, 2.1305,
2484, 2.1316,
2485, 2.1323,
2486, 2.1335,
2487, 2.1347,
2488, 2.1355,
2489, 2.1363,
2490, 2.1372,
2491, 2.1381,
2492, 2.1390,
2493, 2.1397,
2494, 2.1407,
2495, 2.1418,
2496, 2.1425,
2497, 2.1433,
2498, 2.1440,
2499, 2.1448,
2500, 2.1457,
2501, 2.1465,
2502, 2.1474,
2503, 2.1483,
2504, 2.1492,
2505, 2.1501,
2506, 2.1510,
2507, 2.1519,
2508, 2.1529,
2509, 2.1539,
2510, 2.1549,
2511, 2.1559,
2512, 2.1570,
2513, 2.1582,
2514, 2.1589,
2515, 2.1597,
2516, 2.1606,
2517, 2.1614,
2518, 2.1623,
2519, 2.1631,
2520, 2.1640,
2521, 2.1646,
2522, 2.1653,
2523, 2.1660,
2524, 2.1666,
2525, 2.1673,
2526, 2.1680,
2527, 2.1688,
2528, 2.1695,
2529, 2.1699,
2530, 2.1703,
2531, 2.1711,
2532, 2.1719,
2533, 2.1727,
2534, 2.1735,
2535, 2.1740,
2536, 2.1744,
2537, 2.1752,
2538, 2.1761,
2539, 2.1770,
2540, 2.1779,
2541, 2.1788,
2542, 2.1797,
2543, 2.1804,
2544, 2.1814,
2545, 2.1825,
2546, 2.1833,
2547, 2.1841,
2548, 2.1849,
2549, 2.1857,
2550, 2.1865,
2551, 2.1874,
2552, 2.1880,
2553, 2.1887,
2554, 2.1893,
2555, 2.1900,
2556, 2.1907,
2557, 2.1915,
2558, 2.1919,
2559, 2.1923,
2560, 2.1931,
2561, 2.1939,
2562, 2.1943,
2563, 2.1947,
2564, 2.1956,
2565, 2.1965,
2566, 2.1970,
2567, 2.1974,
2568, 2.1984,
2569, 2.1989,
2570, 2.1993,
2571, 2.2003,
2572, 2.2010,
2573, 2.2017,
2574, 2.2024,
2575, 2.2032,
2576, 2.2039,
2577, 2.2047,
2578, 2.2054,
2579, 2.2062,
2580, 2.2071,
2581, 2.2079,
2582, 2.2088,
2583, 2.2096,
2584, 2.2105,
2585, 2.2114,
2586, 2.2123,
2587, 2.2132,
2588, 2.2138,
2589, 2.2145,
2590, 2.2152,
2591, 2.2158,
2592, 2.2165,
2593, 2.2172,
2594, 2.2179,
2595, 2.2187,
2596, 2.2194,
2597, 2.2202,
2598, 2.2210,
2599, 2.2218,
2600, 2.2222,
2601, 2.2226,
2602, 2.2235,
2603, 2.2243,
2604, 2.2252,
2605, 2.2261,
2606, 2.2270,
2607, 2.2277,
2608, 2.2287,
2609, 2.2297,
2610, 2.2304,
2611, 2.2312,
2612, 2.2324,
2613, 2.2337,
2614, 2.2346,
2615, 2.2355,
2616, 2.2364,
2617, 2.2373,
2618, 2.2384,
2619, 2.2394,
2620, 2.2402,
2621, 2.2409,
2622, 2.2417,
2623, 2.2425,
2624, 2.2433,
2625, 2.2442,
2626, 2.2450,
2627, 2.2459,
2628, 2.2467,
2629, 2.2476,
2630, 2.2485,
2631, 2.2493,
2632, 2.2502,
2633, 2.2510,
2634, 2.2519,
2635, 2.2524,
2636, 2.2530,
2637, 2.2539,
2638, 2.2548,
2639, 2.2554,
2640, 2.2561,
2641, 2.2568,
2642, 2.2575,
2643, 2.2583,
2644, 2.2591,
2645, 2.2599,
2646, 2.2607,
2647, 2.2613,
2648, 2.2620,
2649, 2.2630,
2650, 2.2640,
2651, 2.2648,
2652, 2.2656,
2653, 2.2664,
2654, 2.2672,
2655, 2.2681,
2656, 2.2690,
2657, 2.2694,
2658, 2.2699,
2659, 2.2708,
2660, 2.2717,
2661, 2.2727,
2662, 2.2736,
2663, 2.2742,
2664, 2.2752,
2665, 2.2761,
2666, 2.2768,
2667, 2.2778,
2668, 2.2788,
2669, 2.2795,
2670, 2.2802,
2671, 2.2810,
2672, 2.2817,
2673, 2.2825,
2674, 2.2833,
2675, 2.2841,
2676, 2.2849,
2677, 2.2855,
2678, 2.2861,
2679, 2.2870,
2680, 2.2880,
2681, 2.2886,
2682, 2.2893,
2683, 2.2901,
2684, 2.2908,
2685, 2.2916,
2686, 2.2925,
2687, 2.2929,
2688, 2.2933,
2689, 2.2942,
2690, 2.2951,
2691, 2.2960,
2692, 2.2969,
2693, 2.2976,
2694, 2.2985,
2695, 2.2996,
2696, 2.3003,
2697, 2.3014,
2698, 2.3026,
2699, 2.3034,
2700, 2.3043,
2701, 2.3051,
2702, 2.3060,
2703, 2.3070,
2704, 2.3079,
2705, 2.3088,
2706, 2.3098,
2707, 2.3105,
2708, 2.3116,
2709, 2.3127,
2710, 2.3134,
2711, 2.3142,
2712, 2.3150,
2713, 2.3158,
2714, 2.3166,
2715, 2.3174,
2716, 2.3183,
2717, 2.3192,
2718, 2.3200,
2719, 2.3205,
2720, 2.3209,
2721, 2.3218,
2722, 2.3227,
2723, 2.3233,
2724, 2.3239,
2725, 2.3245,
2726, 2.3254,
2727, 2.3264,
2728, 2.3271,
2729, 2.3278,
2730, 2.3285,
2731, 2.3292,
2732, 2.3299,
2733, 2.3303,
2734, 2.3307,
2735, 2.3315,
2736, 2.3323,
2737, 2.3332,
2738, 2.3340,
2739, 2.3346,
2740, 2.3355,
2741, 2.3365,
2742, 2.3371,
2743, 2.3378,
2744, 2.3385,
2745, 2.3393,
2746, 2.3401,
2747, 2.3409,
2748, 2.3417,
2749, 2.3425,
2750, 2.3434,
2751, 2.3443,
2752, 2.3452,
2753, 2.3461,
2754, 2.3467,
2755, 2.3477,
2756, 2.3487,
2757, 2.3494,
2758, 2.3500,
2759, 2.3508,
2760, 2.3515,
2761, 2.3523,
2762, 2.3531,
2763, 2.3539,
2764, 2.3547,
2765, 2.3556,
2766, 2.3564,
2767, 2.3573,
2768, 2.3582,
2769, 2.3591,
2770, 2.3601,
2771, 2.3607,
2772, 2.3617,
2773, 2.3628,
2774, 2.3635,
2775, 2.3643,
2776, 2.3651,
2777, 2.3659,
2778, 2.3668,
2779, 2.3676,
2780, 2.3685,
2781, 2.3694,
2782, 2.3703,
2783, 2.3710,
2784, 2.3716,
2785, 2.3727,
2786, 2.3737,
2787, 2.3745,
2788, 2.3752,
2789, 2.3759,
2790, 2.3767,
2791, 2.3775,
2792, 2.3783,
2793, 2.3787,
2794, 2.3791,
2795, 2.3799,
2796, 2.3807,
2797, 2.3815,
2798, 2.3823,
2799, 2.3830,
2800, 2.3837,
2801, 2.3842,
2802, 2.3847,
2803, 2.3853,
2804, 2.3859,
2805, 2.3866,
2806, 2.3873,
2807, 2.3881,
2808, 2.3890,
2809, 2.3900,
2810, 2.3905,
2811, 2.3910,
2812, 2.3920,
2813, 2.3932,
2814, 2.3938,
2815, 2.3944,
2816, 2.3955,
2817, 2.3961,
2818, 2.3966,
2819, 2.3979,
2820, 2.3985,
2821, 2.3991,
2822, 2.3998,
2823, 2.4004,
2824, 2.4018,
2825, 2.4025,
2826, 2.4032,
2827, 2.4039,
2828, 2.4046,
2829, 2.4054,
2830, 2.4061,
2831, 2.4076,
2832, 2.4083,
2833, 2.4090,
2834, 2.4098,
2835, 2.4105,
2836, 2.4112,
2837, 2.4120,
2838, 2.4127,
2839, 2.4134,
2840, 2.4148,
2841, 2.4155,
2842, 2.4162,
2843, 2.4171,
2844, 2.4180,
2845, 2.4189,
2846, 2.4193,
2847, 2.4197,
2848, 2.4204,
2849, 2.4212,
2850, 2.4223,
2851, 2.4233,
2852, 2.4240,
2853, 2.4247,
2854, 2.4254,
2855, 2.4261,
2856, 2.4268,
2857, 2.4276,
2858, 2.4283,
2859, 2.4291,
2860, 2.4300,
2861, 2.4306,
2862, 2.4316,
2863, 2.4326,
2864, 2.4334,
2865, 2.4341,
2866, 2.4350,
2867, 2.4358,
2868, 2.4367,
2869, 2.4376,
2870, 2.4381,
2871, 2.4385,
2872, 2.4395,
2873, 2.4404,
2874, 2.4410,
2875, 2.4417,
2876, 2.4423,
2877, 2.4430,
2878, 2.4440,
2879, 2.4450,
2880, 2.4458,
2881, 2.4465,
2882, 2.4469,
2883, 2.4473,
2884, 2.4481,
2885, 2.4489,
2886, 2.4498,
2887, 2.4506,
2888, 2.4515,
2889, 2.4524,
2890, 2.4533,
2891, 2.4543,
2892, 2.4549,
2893, 2.4559,
2894, 2.4570,
2895, 2.4577,
2896, 2.4585,
2897, 2.4593,
2898, 2.4601,
2899, 2.4610,
2900, 2.4618,
2901, 2.4627,
2902, 2.4636,
2903, 2.4645,
2904, 2.4651,
2905, 2.4657,
2906, 2.4664,
2907, 2.4670,
2908, 2.4677,
2909, 2.4684,
2910, 2.4691,
2911, 2.4699,
2912, 2.4706,
2913, 2.4710,
2914, 2.4714,
2915, 2.4722,
2916, 2.4731,
2917, 2.4739,
2918, 2.4744,
2919, 2.4748,
2920, 2.4757,
2921, 2.4766,
2922, 2.4772,
2923, 2.4782,
2924, 2.4791,
2925, 2.4798,
2926, 2.4805,
2927, 2.4816,
2928, 2.4827,
2929, 2.4835,
2930, 2.4843,
2931, 2.4852,
2932, 2.4860,
2933, 2.4869,
2934, 2.4878,
2935, 2.4887,
2936, 2.4893,
2937, 2.4903,
2938, 2.4912,
2939, 2.4919,
2940, 2.4926,
2941, 2.4933,
2942, 2.4941,
2943, 2.4948,
2944, 2.4956,
2945, 2.4965,
2946, 2.4973,
2947, 2.4977,
2948, 2.4982,
2949, 2.4990,
2950, 2.4999,
2951, 2.5008,
2952, 2.5017,
2953, 2.5026,
2954, 2.5032,
2955, 2.5039,
2956, 2.5049,
2957, 2.5060,
2958, 2.5068,
2959, 2.5076,
2960, 2.5084,
2961, 2.5093,
2962, 2.5101,
2963, 2.5106,
2964, 2.5110,
2965, 2.5120,
2966, 2.5129,
2967, 2.5136,
2968, 2.5143,
2969, 2.5150,
2970, 2.5157,
2971, 2.5164,
2972, 2.5172,
2973, 2.5176,
2974, 2.5180,
2975, 2.5188,
2976, 2.5196,
2977, 2.5204,
2978, 2.5209,
2979, 2.5213,
2980, 2.5222,
2981, 2.5231,
2982, 2.5240,
2983, 2.5244,
2984, 2.5249,
2985, 2.5258,
2986, 2.5264,
2987, 2.5272,
2988, 2.5281,
2989, 2.5287,
2990, 2.5297,
2991, 2.5307,
2992, 2.5313,
2993, 2.5321,
2994, 2.5328,
2995, 2.5336,
2996, 2.5344,
2997, 2.5353,
2998, 2.5361,
2999, 2.5370,
3000, 2.5376,
3001, 2.5383,
3002, 2.5390,
3003, 2.5397,
3004, 2.5404,
3005, 2.5411,
3006, 2.5419,
3007, 2.5427,
3008, 2.5436,
3009, 2.5440,
3010, 2.5444,
3011, 2.5453,
3012, 2.5462,
3013, 2.5471,
3014, 2.5476,
3015, 2.5480,
3016, 2.5490,
3017, 2.5499,
3018, 2.5508,
3019, 2.5517,
3020, 2.5523,
3021, 2.5532,
3022, 2.5542,
3023, 2.5548,
3024, 2.5555,
3025, 2.5563,
3026, 2.5570,
3027, 2.5578,
3028, 2.5586,
3029, 2.5595,
3030, 2.5603,
3031, 2.5612,
3032, 2.5618,
3033, 2.5625,
3034, 2.5631,
3035, 2.5638,
3036, 2.5645,
3037, 2.5653,
3038, 2.5657,
3039, 2.5661,
3040, 2.5669,
3041, 2.5677,
3042, 2.5686,
3043, 2.5690,
3044, 2.5695,
3045, 2.5704,
3046, 2.5713,
3047, 2.5722,
3048, 2.5727,
3049, 2.5732,
3050, 2.5741,
3051, 2.5750,
3052, 2.5759,
3053, 2.5766,
3054, 2.5775,
3055, 2.5785,
3056, 2.5792,
3057, 2.5799,
3058, 2.5810,
3059, 2.5821,
3060, 2.5825,
3061, 2.5829,
3062, 2.5837,
3063, 2.5846,
3064, 2.5854,
3065, 2.5859,
3066, 2.5865,
3067, 2.5871,
3068, 2.5874,
3069, 2.5877,
3070, 2.5883,
3071, 2.5890,
3072, 2.5893,
3073, 2.5897,
3074, 2.5904,
3075, 2.5908,
3076, 2.5912,
3077, 2.5920,
3078, 2.5924,
3079, 2.5928,
3080, 2.5937,
3081, 2.5942,
3082, 2.5946,
3083, 2.5951,
3084, 2.5956,
3085, 2.5965,
3086, 2.5970,
3087, 2.5975,
3088, 2.5982,
3089, 2.5989,
3090, 2.5996,
3091, 2.6000,
3092, 2.6004,
3093, 2.6011,
3094, 2.6019,
3095, 2.6028,
3096, 2.6036,
3097, 2.6045,
3098, 2.6054,
3099, 2.6063,
3100, 2.6073,
3101, 2.6078,
3102, 2.6083,
3103, 2.6092,
3104, 2.6102,
3105, 2.6112,
3106, 2.6119,
3107, 2.6129,
3108, 2.6139,
3109, 2.6146,
3110, 2.6153,
3111, 2.6160,
3112, 2.6167,
3113, 2.6175,
3114, 2.6183,
3115, 2.6191,
3116, 2.6199,
3117, 2.6207,
3118, 2.6211,
3119, 2.6215,
3120, 2.6224,
3121, 2.6232,
3122, 2.6237,
3123, 2.6243,
3124, 2.6248,
3125, 2.6254,
3126, 2.6260,
3127, 2.6266,
3128, 2.6273,
3129, 2.6280,
3130, 2.6287,
3131, 2.6294,
3132, 2.6298,
3133, 2.6302,
3134, 2.6310,
3135, 2.6318,
3136, 2.6327,
3137, 2.6332,
3138, 2.6336,
3139, 2.6345,
3140, 2.6351,
3141, 2.6358,
3142, 2.6364,
3143, 2.6371,
3144, 2.6378,
3145, 2.6386,
3146, 2.6393,
3147, 2.6401,
3148, 2.6410,
3149, 2.6418,
3150, 2.6427,
3151, 2.6436,
3152, 2.6445,
3153, 2.6450,
3154, 2.6455,
3155, 2.6464,
3156, 2.6474,
3157, 2.6480,
3158, 2.6487,
3159, 2.6493,
3160, 2.6500,
3161, 2.6507,
3162, 2.6514,
3163, 2.6521,
3164, 2.6528,
3165, 2.6536,
3166, 2.6544,
3167, 2.6552,
3168, 2.6560,
3169, 2.6569,
3170, 2.6573,
3171, 2.6577,
3172, 2.6586,
3173, 2.6595,
3174, 2.6601,
3175, 2.6610,
3176, 2.6620,
3177, 2.6626,
3178, 2.6633,
3179, 2.6640,
3180, 2.6648,
3181, 2.6655,
3182, 2.6663,
3183, 2.6672,
3184, 2.6676,
3185, 2.6680,
3186, 2.6689,
3187, 2.6698,
3188, 2.6702,
3189, 2.6707,
3190, 2.6716,
3191, 2.6722,
3192, 2.6728,
3193, 2.6734,
3194, 2.6738,
3195, 2.6741,
3196, 2.6747,
3197, 2.6754,
3198, 2.6762,
3199, 2.6765,
3200, 2.6769,
3201, 2.6777,
3202, 2.6781,
3203, 2.6785,
3204, 2.6793,
3205, 2.6801,
3206, 2.6806,
3207, 2.6810,
3208, 2.6819,
3209, 2.6823,
3210, 2.6828,
3211, 2.6837,
3212, 2.6843,
3213, 2.6849,
3214, 2.6855,
3215, 2.6865,
3216, 2.6875,
3217, 2.6883,
3218, 2.6890,
3219, 2.6898,
3220, 2.6906,
3221, 2.6914,
3222, 2.6922,
3223, 2.6931,
3224, 2.6936,
3225, 2.6940,
3226, 2.6949,
3227, 2.6958,
3228, 2.6964,
3229, 2.6970,
3230, 2.6976,
3231, 2.6983,
3232, 2.6989,
3233, 2.6996,
3234, 2.6999,
3235, 2.7003,
3236, 2.7010,
3237, 2.7018,
3238, 2.7026,
3239, 2.7030,
3240, 2.7034,
3241, 2.7043,
3242, 2.7047,
3243, 2.7051,
3244, 2.7060,
3245, 2.7064,
3246, 2.7069,
3247, 2.7078,
3248, 2.7084,
3249, 2.7090,
3250, 2.7096,
3251, 2.7103,
3252, 2.7109,
3253, 2.7116,
3254, 2.7123,
3255, 2.7131,
3256, 2.7138,
3257, 2.7146,
3258, 2.7155,
3259, 2.7163,
3260, 2.7168,
3261, 2.7172,
3262, 2.7181,
3263, 2.7190,
3264, 2.7199,
3265, 2.7205,
3266, 2.7214,
3267, 2.7224,
3268, 2.7230,
3269, 2.7237,
3270, 2.7244,
3271, 2.7252,
3272, 2.7260,
3273, 2.7268,
3274, 2.7276,
3275, 2.7284,
3276, 2.7289,
3277, 2.7293,
3278, 2.7302,
3279, 2.7306,
3280, 2.7311,
3281, 2.7320,
3282, 2.7326,
3283, 2.7332,
3284, 2.7335,
3285, 2.7338,
3286, 2.7345,
3287, 2.7351,
3288, 2.7355,
3289, 2.7358,
3290, 2.7365,
3291, 2.7373,
3292, 2.7377,
3293, 2.7381,
3294, 2.7388,
3295, 2.7393,
3296, 2.7397,
3297, 2.7401,
3298, 2.7405,
3299, 2.7414,
3300, 2.7418,
3301, 2.7423,
3302, 2.7432,
3303, 2.7436,
3304, 2.7441,
3305, 2.7447,
3306, 2.7453,
3307, 2.7459,
3308, 2.7462,
3309, 2.7465,
3310, 2.7472,
3311, 2.7479,
3312, 2.7486,
3313, 2.7493,
3314, 2.7501,
3315, 2.7509,
3316, 2.7513,
3317, 2.7517,
3318, 2.7526,
3319, 2.7535,
3320, 2.7544,
3321, 2.7548,
3322, 2.7553,
3323, 2.7562,
3324, 2.7568,
3325, 2.7574,
3326, 2.7581,
3327, 2.7587,
3328, 2.7594,
3329, 2.7601,
3330, 2.7608,
3331, 2.7616,
3332, 2.7624,
3333, 2.7628,
3334, 2.7632,
3335, 2.7640,
3336, 2.7648,
3337, 2.7653,
3338, 2.7657,
3339, 2.7665,
3340, 2.7670,
3341, 2.7674,
3342, 2.7683,
3343, 2.7688,
3344, 2.7694,
3345, 2.7699,
3346, 2.7705,
3347, 2.7708,
3348, 2.7711,
3349, 2.7717,
3350, 2.7723,
3351, 2.7730,
3352, 2.7737,
3353, 2.7741,
3354, 2.7745,
3355, 2.7752,
3356, 2.7760,
3357, 2.7764,
3358, 2.7769,
3359, 2.7777,
3360, 2.7782,
3361, 2.7786,
3362, 2.7795,
3363, 2.7801,
3364, 2.7807,
3365, 2.7814,
3366, 2.7821,
3367, 2.7828,
3368, 2.7835,
3369, 2.7843,
3370, 2.7851,
3371, 2.7855,
3372, 2.7859,
3373, 2.7868,
3374, 2.7877,
3375, 2.7886,
3376, 2.7891,
3377, 2.7895,
3378, 2.7905,
3379, 2.7910,
3380, 2.7914,
3381, 2.7924,
3382, 2.7930,
3383, 2.7936,
3384, 2.7943,
3385, 2.7946,
3386, 2.7949,
3387, 2.7955,
3388, 2.7962,
3389, 2.7969,
3390, 2.7973,
3391, 2.7977,
3392, 2.7984,
3393, 2.7988,
3394, 2.7992,
3395, 2.8000,
3396, 2.8005,
3397, 2.8009,
3398, 2.8018,
3399, 2.8022,
3400, 2.8027,
3401, 2.8036,
3402, 2.8040,
3403, 2.8045,
3404, 2.8051,
3405, 2.8058,
3406, 2.8061,
3407, 2.8065,
3408, 2.8072,
3409, 2.8079,
3410, 2.8086,
3411, 2.8090,
3412, 2.8094,
3413, 2.8102,
3414, 2.8110,
3415, 2.8115,
3416, 2.8119,
3417, 2.8128,
3418, 2.8137,
3419, 2.8141,
3420, 2.8146,
3421, 2.8155,
3422, 2.8160,
3423, 2.8165,
3424, 2.8174,
3425, 2.8180,
3426, 2.8186,
3427, 2.8192,
3428, 2.8198,
3429, 2.8204,
3430, 2.8210,
3431, 2.8217,
3432, 2.8223,
3433, 2.8227,
3434, 2.8231,
3435, 2.8238,
3436, 2.8246,
3437, 2.8253,
3438, 2.8257,
3439, 2.8262,
3440, 2.8270,
3441, 2.8274,
3442, 2.8278,
3443, 2.8287,
3444, 2.8293,
3445, 2.8298,
3446, 2.8304,
3447, 2.8307,
3448, 2.8311,
3449, 2.8317,
3450, 2.8324,
3451, 2.8327,
3452, 2.8331,
3453, 2.8338,
3454, 2.8342,
3455, 2.8346,
3456, 2.8354,
3457, 2.8358,
3458, 2.8363,
3459, 2.8371,
3460, 2.8376,
3461, 2.8380,
3462, 2.8385,
3463, 2.8389,
3464, 2.8399,
3465, 2.8403,
3466, 2.8408,
3467, 2.8414,
3468, 2.8417,
3469, 2.8420,
3470, 2.8426,
3471, 2.8433,
3472, 2.8436,
3473, 2.8439,
3474, 2.8446,
3475, 2.8453,
3476, 2.8457,
3477, 2.8461,
3478, 2.8468,
3479, 2.8472,
3480, 2.8476,
3481, 2.8485,
3482, 2.8489,
3483, 2.8493,
3484, 2.8502,
3485, 2.8506,
3486, 2.8511,
3487, 2.8520,
3488, 2.8524,
3489, 2.8529,
3490, 2.8535,
3491, 2.8541,
3492, 2.8544,
3493, 2.8547,
3494, 2.8554,
3495, 2.8561,
3496, 2.8567,
3497, 2.8575,
3498, 2.8578,
3499, 2.8582,
3500, 2.8590,
3501, 2.8598,
3502, 2.8602,
3503, 2.8606,
3504, 2.8614,
3505, 2.8618,
3506, 2.8623,
3507, 2.8631,
3508, 2.8636,
3509, 2.8640,
3510, 2.8649,
3511, 2.8654,
3512, 2.8660,
3513, 2.8665,
3514, 2.8671,
3515, 2.8674,
3516, 2.8677,
3517, 2.8683,
3518, 2.8690,
3519, 2.8697,
3520, 2.8700,
3521, 2.8704,
3522, 2.8711,
3523, 2.8719,
3524, 2.8723,
3525, 2.8727,
3526, 2.8736,
3527, 2.8740,
3528, 2.8744,
3529, 2.8753,
3530, 2.8757,
3531, 2.8762,
3532, 2.8768,
3533, 2.8774,
3534, 2.8777,
3535, 2.8780,
3536, 2.8787,
3537, 2.8794,
3538, 2.8797,
3539, 2.8801,
3540, 2.8808,
3541, 2.8812,
3542, 2.8816,
3543, 2.8825,
3544, 2.8829,
3545, 2.8833,
3546, 2.8838,
3547, 2.8842,
3548, 2.8852,
3549, 2.8856,
3550, 2.8861,
3551, 2.8866,
3552, 2.8871,
3553, 2.8881,
3554, 2.8886,
3555, 2.8891,
3556, 2.8898,
3557, 2.8901,
3558, 2.8905,
3559, 2.8912,
3560, 2.8919,
3561, 2.8922,
3562, 2.8926,
3563, 2.8934,
3564, 2.8937,
3565, 2.8941,
3566, 2.8949,
3567, 2.8953,
3568, 2.8958,
3569, 2.8966,
3570, 2.8970,
3571, 2.8975,
3572, 2.8979,
3573, 2.8984,
3574, 2.8993,
3575, 2.8997,
3576, 2.9002,
3577, 2.9006,
3578, 2.9011,
3579, 2.9015,
3580, 2.9020,
3581, 2.9023,
3582, 2.9026,
3583, 2.9032,
3584, 2.9034,
3585, 2.9037,
3586, 2.9043,
3587, 2.9046,
3588, 2.9049,
3589, 2.9053,
3590, 2.9056,
3591, 2.9059,
3592, 2.9062,
3593, 2.9069,
3594, 2.9073,
3595, 2.9076,
3596, 2.9080,
3597, 2.9084,
3598, 2.9087,
3599, 2.9091,
3600, 2.9095,
3601, 2.9099,
3602, 2.9103,
3603, 2.9107,
3604, 2.9116,
3605, 2.9120,
3606, 2.9124,
3607, 2.9129,
3608, 2.9133,
3609, 2.9138,
3610, 2.9141,
3611, 2.9144,
3612, 2.9150,
3613, 2.9156,
3614, 2.9162,
3615, 2.9165,
3616, 2.9169,
3617, 2.9176,
3618, 2.9183,
3619, 2.9187,
3620, 2.9191,
3621, 2.9199,
3622, 2.9207,
3623, 2.9212,
3624, 2.9216,
3625, 2.9225,
3626, 2.9230,
3627, 2.9235,
3628, 2.9244,
3629, 2.9249,
3630, 2.9254,
3631, 2.9261,
3632, 2.9264,
3633, 2.9267,
3634, 2.9274,
3635, 2.9281,
3636, 2.9285,
3637, 2.9288,
3638, 2.9296,
3639, 2.9300,
3640, 2.9303,
3641, 2.9312,
3642, 2.9316,
3643, 2.9320,
3644, 2.9324,
3645, 2.9328,
3646, 2.9337,
3647, 2.9342,
3648, 2.9346,
3649, 2.9351,
3650, 2.9355,
3651, 2.9364,
3652, 2.9369,
3653, 2.9374,
3654, 2.9378,
3655, 2.9383,
3656, 2.9389,
3657, 2.9394,
3658, 2.9397,
3659, 2.9400,
3660, 2.9406,
3661, 2.9412,
3662, 2.9415,
3663, 2.9418,
3664, 2.9425,
3665, 2.9431,
3666, 2.9435,
3667, 2.9439,
3668, 2.9446,
3669, 2.9450,
3670, 2.9453,
3671, 2.9461,
3672, 2.9465,
3673, 2.9469,
3674, 2.9474,
3675, 2.9478,
3676, 2.9486,
3677, 2.9491,
3678, 2.9495,
3679, 2.9501,
3680, 2.9503,
3681, 2.9506,
3682, 2.9512,
3683, 2.9515,
3684, 2.9518,
3685, 2.9525,
3686, 2.9528,
3687, 2.9531,
3688, 2.9538,
3689, 2.9542,
3690, 2.9546,
3691, 2.9550,
3692, 2.9554,
3693, 2.9558,
3694, 2.9562,
3695, 2.9570,
3696, 2.9575,
3697, 2.9579,
3698, 2.9583,
3699, 2.9588,
3700, 2.9593,
3701, 2.9597,
3702, 2.9607,
3703, 2.9611,
3704, 2.9616,
3705, 2.9622,
3706, 2.9628,
3707, 2.9631,
3708, 2.9634,
3709, 2.9641,
3710, 2.9647,
3711, 2.9654,
3712, 2.9658,
3713, 2.9661,
3714, 2.9669,
3715, 2.9676,
3716, 2.9680,
3717, 2.9684,
3718, 2.9693,
3719, 2.9697,
3720, 2.9701,
3721, 2.9710,
3722, 2.9714,
3723, 2.9719,
3724, 2.9728,
3725, 2.9732,
3726, 2.9737,
3727, 2.9743,
3728, 2.9746,
3729, 2.9749,
3730, 2.9755,
3731, 2.9758,
3732, 2.9761,
3733, 2.9767,
3734, 2.9771,
3735, 2.9774,
3736, 2.9778,
3737, 2.9781,
3738, 2.9788,
3739, 2.9792,
3740, 2.9796,
3741, 2.9800,
3742, 2.9804,
3743, 2.9808,
3744, 2.9813,
3745, 2.9817,
3746, 2.9821,
3747, 2.9826,
3748, 2.9830,
3749, 2.9835,
3750, 2.9839,
3751, 2.9844,
3752, 2.9849,
3753, 2.9853,
3754, 2.9858,
3755, 2.9861,
3756, 2.9864,
3757, 2.9870,
3758, 2.9873,
3759, 2.9877,
3760, 2.9883,
3761, 2.9887,
3762, 2.9890,
3763, 2.9897,
3764, 2.9901,
3765, 2.9905,
3766, 2.9913,
3767, 2.9917,
3768, 2.9921,
3769, 2.9925,
3770, 2.9930,
3771, 2.9934,
3772, 2.9939,
3773, 2.9948,
3774, 2.9953,
3775, 2.9957,
3776, 2.9962,
3777, 2.9967,
3778, 2.9972,
3779, 2.9977,
3780, 2.9982,
3781, 2.9987,
3782, 2.9990,
3783, 2.9994,
3784, 3.0000,
3785, 3.0004,
3786, 3.0007,
3787, 3.0014,
3788, 3.0018,
3789, 3.0022,
3790, 3.0026,
3791, 3.0029,
3792, 3.0037,
3793, 3.0041,
3794, 3.0045,
3795, 3.0049,
3796, 3.0053,
3797, 3.0058,
3798, 3.0062,
3799, 3.0066,
3800, 3.0070,
3801, 3.0075,
3802, 3.0079,
3803, 3.0088,
3804, 3.0093,
3805, 3.0098,
3806, 3.0102,
3807, 3.0107,
3808, 3.0111,
3809, 3.0116,
3810, 3.0121,
3811, 3.0124,
3812, 3.0127,
3813, 3.0133,
3814, 3.0138,
3815, 3.0141,
3816, 3.0144,
3817, 3.0150,
3818, 3.0154,
3819, 3.0157,
3820, 3.0164,
3821, 3.0167,
3822, 3.0171,
3823, 3.0178,
3824, 3.0182,
3825, 3.0186,
3826, 3.0194,
3827, 3.0198,
3828, 3.0202,
3829, 3.0207,
3830, 3.0211,
3831, 3.0220,
3832, 3.0224,
3833, 3.0229,
3834, 3.0235,
3835, 3.0238,
3836, 3.0241,
3837, 3.0248,
3838, 3.0251,
3839, 3.0254,
3840, 3.0261,
3841, 3.0265,
3842, 3.0269,
3843, 3.0276,
3844, 3.0280,
3845, 3.0284,
3846, 3.0288,
3847, 3.0293,
3848, 3.0297,
3849, 3.0301,
3850, 3.0310,
3851, 3.0315,
3852, 3.0319,
3853, 3.0324,
3854, 3.0328,
3855, 3.0333,
3856, 3.0338,
3857, 3.0343,
3858, 3.0347,
3859, 3.0352,
3860, 3.0357,
3861, 3.0363,
3862, 3.0366,
3863, 3.0368,
3864, 3.0374,
3865, 3.0377,
3866, 3.0380,
3867, 3.0383,
3868, 3.0386,
3869, 3.0393,
3870, 3.0396,
3871, 3.0399,
3872, 3.0406,
3873, 3.0410,
3874, 3.0413,
3875, 3.0417,
3876, 3.0420,
3877, 3.0424,
3878, 3.0428,
3879, 3.0436,
3880, 3.0440,
3881, 3.0444,
3882, 3.0448,
3883, 3.0453,
3884, 3.0457,
3885, 3.0461,
3886, 3.0466,
3887, 3.0470,
3888, 3.0475,
3889, 3.0478,
3890, 3.0481,
3891, 3.0487,
3892, 3.0490,
3893, 3.0493,
3894, 3.0496,
3895, 3.0499,
3896, 3.0506,
3897, 3.0510,
3898, 3.0513,
3899, 3.0517,
3900, 3.0521,
3901, 3.0528,
3902, 3.0532,
3903, 3.0537,
3904, 3.0541,
3905, 3.0545,
3906, 3.0549,
3907, 3.0554,
3908, 3.0558,
3909, 3.0563,
3910, 3.0567,
3911, 3.0572,
3912, 3.0577,
3913, 3.0581,
3914, 3.0586,
3915, 3.0591,
3916, 3.0594,
3917, 3.0597,
3918, 3.0603,
3919, 3.0606,
3920, 3.0609,
3921, 3.0615,
3922, 3.0619,
3923, 3.0622,
3924, 3.0625,
3925, 3.0629,
3926, 3.0632,
3927, 3.0636,
3928, 3.0643,
3929, 3.0647,
3930, 3.0651,
3931, 3.0655,
3932, 3.0659,
3933, 3.0663,
3934, 3.0667,
3935, 3.0672,
3936, 3.0676,
3937, 3.0680,
3938, 3.0685,
3939, 3.0689,
3940, 3.0694,
3941, 3.0698,
3942, 3.0703,
3943, 3.0707,
3944, 3.0712,
3945, 3.0715,
3946, 3.0718,
3947, 3.0723,
3948, 3.0726,
3949, 3.0729,
3950, 3.0735,
3951, 3.0739,
3952, 3.0742,
3953, 3.0745,
3954, 3.0749,
3955, 3.0756,
3956, 3.0759,
3957, 3.0763,
3958, 3.0767,
3959, 3.0771,
3960, 3.0775,
3961, 3.0779,
3962, 3.0787,
3963, 3.0791,
3964, 3.0796,
3965, 3.0800,
3966, 3.0805,
3967, 3.0809,
3968, 3.0814,
3969, 3.0819,
3970, 3.0823,
3971, 3.0828,
3972, 3.0833,
3973, 3.0839,
3974, 3.0842,
3975, 3.0845,
3976, 3.0849,
3977, 3.0852,
3978, 3.0859,
3979, 3.0862,
3980, 3.0866,
3981, 3.0873,
3982, 3.0877,
3983, 3.0880,
3984, 3.0884,
3985, 3.0888,
3986, 3.0897,
3987, 3.0901,
3988, 3.0905,
3989, 3.0910,
3990, 3.0914,
3991, 3.0919,
3992, 3.0923,
3993, 3.0928,
3994, 3.0933,
3995, 3.0938,
3996, 3.0942,
3997, 3.0947,
3998, 3.0952,
3999, 3.0957,
4000, 3.0962,
4001, 3.0965,
4002, 3.0968,
4003, 3.0975,
4004, 3.0978,
4005, 3.0981,
4006, 3.0987,
4007, 3.0991,
4008, 3.0994,
4009, 3.0998,
4010, 3.1001,
4011, 3.1005,
4012, 3.1008,
4013, 3.1016,
4014, 3.1020,
4015, 3.1023,
4016, 3.1027,
4017, 3.1031,
4018, 3.1036,
4019, 3.1040,
4020, 3.1044,
4021, 3.1048,
4022, 3.1052,
4023, 3.1057,
4024, 3.1061,
4025, 3.1065,
4026, 3.1070,
4027, 3.1074,
4028, 3.1079,
4029, 3.1083,
4030, 3.1086,
4031, 3.1088,
4032, 3.1093,
4033, 3.1096,
4034, 3.1099,
4035, 3.1104,
4036, 3.1107,
4037, 3.1110,
4038, 3.1116,
4039, 3.1119,
4040, 3.1123,
4041, 3.1126,
4042, 3.1129,
4043, 3.1133,
4044, 3.1136,
4045, 3.1144,
4046, 3.1148,
4047, 3.1152,
4048, 3.1156,
4049, 3.1160,
4050, 3.1164,
4051, 3.1168,
4052, 3.1173,
4053, 3.1177,
4054, 3.1181,
4055, 3.1186,
4056, 3.1190,
4057, 3.1195,
4058, 3.1198,
4059, 3.1201,
4060, 3.1207,
4061, 3.1210,
4062, 3.1213,
4063, 3.1219,
4064, 3.1223,
4065, 3.1226,
4066, 3.1230,
4067, 3.1233,
4068, 3.1241,
4069, 3.1245,
4070, 3.1249,
4071, 3.1253,
4072, 3.1257,
4073, 3.1261,
4074, 3.1266,
4075, 3.1270,
4076, 3.1275,
4077, 3.1279,
4078, 3.1284,
4079, 3.1289,
4080, 3.1294,
4081, 3.1299,
4082, 3.1304,
4083, 3.1309,
4084, 3.1314,
4085, 3.1319,
4086, 3.1324,
4087, 230.0000,
4088, 230.0000,
4089, 230.0000,
4090, 230.0000,
4091, 230.0000,
4092, 230.0000,
4093, 230.0000,
4094, 230.0000,
4095, 230.0000,