1, 0.1171 
2, 0.1186 
3, 0.1201 
4, 0.1216 
5, 0.1231 
6, 0.1246 
7, 0.1258 
8, 0.1269 
9, 0.1281 
10, 0.1292 
11, 0.1304 
12, 0.1311 
13, 0.1323 
14, 0.1334 
15, 0.1342 
16, 0.1350 
17, 0.1361 
18, 0.1372 
19, 0.1380 
20, 0.1387 
21, 0.1395 
22, 0.1402 
23, 0.1409 
24, 0.1416 
25, 0.1423 
26, 0.1430 
27, 0.1437 
28, 0.1444 
29, 0.1451 
30, 0.1458 
31, 0.1465 
32, 0.1472 
33, 0.1479 
34, 0.1486 
35, 0.1493 
36, 0.1501 
37, 0.1508 
38, 0.1515 
39, 0.1522 
40, 0.1529 
41, 0.1537 
42, 0.1548 
43, 0.1559 
44, 0.1566 
45, 0.1574 
46, 0.1581 
47, 0.1589 
48, 0.1601 
49, 0.1612 
50, 0.1620 
51, 0.1627 
52, 0.1635 
53, 0.1642 
54, 0.1650 
55, 0.1657 
56, 0.1665 
57, 0.1672 
58, 0.1679 
59, 0.1687 
60, 0.1694 
61, 0.1706 
62, 0.1717 
63, 0.1725 
64, 0.1733 
65, 0.1740 
66, 0.1748 
67, 0.1756 
68, 0.1764 
69, 0.1776 
70, 0.1787 
71, 0.1795 
72, 0.1804 
73, 0.1816 
74, 0.1828 
75, 0.1836 
76, 0.1844 
77, 0.1856 
78, 0.1869 
79, 0.1877 
80, 0.1885 
81, 0.1893 
82, 0.1901 
83, 0.1908 
84, 0.1916 
85, 0.1924 
86, 0.1932 
87, 0.1939 
88, 0.1947 
89, 0.1954 
90, 0.1962 
91, 0.1969 
92, 0.1977 
93, 0.1984 
94, 0.1991 
95, 0.1999 
96, 0.2006 
97, 0.2013 
98, 0.2020 
99, 0.2027 
100, 0.2034 
101, 0.2041 
102, 0.2048 
103, 0.2055 
104, 0.2062 
105, 0.2069 
106, 0.2076 
107, 0.2086 
108, 0.2097 
109, 0.2104 
110, 0.2112 
111, 0.2119 
112, 0.2126 
113, 0.2133 
114, 0.2144 
115, 0.2155 
116, 0.2163 
117, 0.2170 
118, 0.2178 
119, 0.2186 
120, 0.2193 
121, 0.2205 
122, 0.2217 
123, 0.2224 
124, 0.2232 
125, 0.2240 
126, 0.2247 
127, 0.2255 
128, 0.2262 
129, 0.2270 
130, 0.2278 
131, 0.2285 
132, 0.2293 
133, 0.2304 
134, 0.2315 
135, 0.2323 
136, 0.2330 
137, 0.2338 
138, 0.2346 
139, 0.2353 
140, 0.2361 
141, 0.2368 
142, 0.2376 
143, 0.2387 
144, 0.2398 
145, 0.2406 
146, 0.2413 
147, 0.2421 
148, 0.2428 
149, 0.2440 
150, 0.2451 
151, 0.2458 
152, 0.2466 
153, 0.2473 
154, 0.2481 
155, 0.2488 
156, 0.2495 
157, 0.2502 
158, 0.2510 
159, 0.2517 
160, 0.2524 
161, 0.2532 
162, 0.2539 
163, 0.2546 
164, 0.2554 
165, 0.2562 
166, 0.2570 
167, 0.2578 
168, 0.2586 
169, 0.2594 
170, 0.2602 
171, 0.2610 
172, 0.2618 
173, 0.2627 
174, 0.2635 
175, 0.2644 
176, 0.2657 
177, 0.2670 
178, 0.2678 
179, 0.2687 
180, 0.2696 
181, 0.2704 
182, 0.2713 
183, 0.2722 
184, 0.2730 
185, 0.2739 
186, 0.2747 
187, 0.2755 
188, 0.2763 
189, 0.2771 
190, 0.2778 
191, 0.2786 
192, 0.2794 
193, 0.2801 
194, 0.2809 
195, 0.2816 
196, 0.2824 
197, 0.2831 
198, 0.2838 
199, 0.2846 
200, 0.2853 
201, 0.2860 
202, 0.2867 
203, 0.2874 
204, 0.2884 
205, 0.2895 
206, 0.2901 
207, 0.2908 
208, 0.2919 
209, 0.2930 
210, 0.2937 
211, 0.2944 
212, 0.2955 
213, 0.2966 
214, 0.2973 
215, 0.2980 
216, 0.2987 
217, 0.2994 
218, 0.3005 
219, 0.3016 
220, 0.3024 
221, 0.3031 
222, 0.3039 
223, 0.3046 
224, 0.3054 
225, 0.3062 
226, 0.3070 
227, 0.3078 
228, 0.3086 
229, 0.3094 
230, 0.3102 
231, 0.3110 
232, 0.3118 
233, 0.3129 
234, 0.3141 
235, 0.3149 
236, 0.3158 
237, 0.3166 
238, 0.3174 
239, 0.3186 
240, 0.3198 
241, 0.3207 
242, 0.3215 
243, 0.3223 
244, 0.3231 
245, 0.3238 
246, 0.3246 
247, 0.3254 
248, 0.3262 
249, 0.3273 
250, 0.3284 
251, 0.3292 
252, 0.3299 
253, 0.3307 
254, 0.3314 
255, 0.3322 
256, 0.3329 
257, 0.3337 
258, 0.3344 
259, 0.3351 
260, 0.3358 
261, 0.3368 
262, 0.3378 
263, 0.3385 
264, 0.3392 
265, 0.3399 
266, 0.3406 
267, 0.3417 
268, 0.3427 
269, 0.3434 
270, 0.3441 
271, 0.3449 
272, 0.3456 
273, 0.3463 
274, 0.3470 
275, 0.3477 
276, 0.3484 
277, 0.3491 
278, 0.3499 
279, 0.3506 
280, 0.3514 
281, 0.3521 
282, 0.3529 
283, 0.3537 
284, 0.3545 
285, 0.3553 
286, 0.3561 
287, 0.3569 
288, 0.3577 
289, 0.3585 
290, 0.3593 
291, 0.3601 
292, 0.3609 
293, 0.3617 
294, 0.3625 
295, 0.3633 
296, 0.3641 
297, 0.3649 
298, 0.3657 
299, 0.3665 
300, 0.3673 
301, 0.3682 
302, 0.3690 
303, 0.3698 
304, 0.3706 
305, 0.3714 
306, 0.3721 
307, 0.3729 
308, 0.3736 
309, 0.3744 
310, 0.3751 
311, 0.3763 
312, 0.3774 
313, 0.3781 
314, 0.3789 
315, 0.3796 
316, 0.3804 
317, 0.3812 
318, 0.3819 
319, 0.3827 
320, 0.3834 
321, 0.3842 
322, 0.3849 
323, 0.3856 
324, 0.3864 
325, 0.3871 
326, 0.3879 
327, 0.3890 
328, 0.3901 
329, 0.3909 
330, 0.3917 
331, 0.3925 
332, 0.3932 
333, 0.3940 
334, 0.3948 
335, 0.3955 
336, 0.3963 
337, 0.3974 
338, 0.3985 
339, 0.3993 
340, 0.4000 
341, 0.4008 
342, 0.4015 
343, 0.4027 
344, 0.4038 
345, 0.4046 
346, 0.4054 
347, 0.4061 
348, 0.4069 
349, 0.4076 
350, 0.4083 
351, 0.4091 
352, 0.4098 
353, 0.4105 
354, 0.4113 
355, 0.4120 
356, 0.4131 
357, 0.4143 
358, 0.4150 
359, 0.4158 
360, 0.4166 
361, 0.4173 
362, 0.4181 
363, 0.4189 
364, 0.4196 
365, 0.4208 
366, 0.4219 
367, 0.4227 
368, 0.4234 
369, 0.4246 
370, 0.4257 
371, 0.4265 
372, 0.4272 
373, 0.4284 
374, 0.4295 
375, 0.4302 
376, 0.4310 
377, 0.4317 
378, 0.4324 
379, 0.4330 
380, 0.4337 
381, 0.4344 
382, 0.4351 
383, 0.4361 
384, 0.4371 
385, 0.4378 
386, 0.4386 
387, 0.4393 
388, 0.4400 
389, 0.4408 
390, 0.4415 
391, 0.4423 
392, 0.4430 
393, 0.4442 
394, 0.4453 
395, 0.4461 
396, 0.4473 
397, 0.4485 
398, 0.4494 
399, 0.4506 
400, 0.4519 
401, 0.4527 
402, 0.4535 
403, 0.4544 
404, 0.4552 
405, 0.4560 
406, 0.4567 
407, 0.4575 
408, 0.4582 
409, 0.4590 
410, 0.4594 
411, 0.4597 
412, 0.4605 
413, 0.4612 
414, 0.4620 
415, 0.4627 
416, 0.4635 
417, 0.4639 
418, 0.4643 
419, 0.4650 
420, 0.4658 
421, 0.4665 
422, 0.4673 
423, 0.4680 
424, 0.4687 
425, 0.4695 
426, 0.4706 
427, 0.4717 
428, 0.4724 
429, 0.4736 
430, 0.4747 
431, 0.4755 
432, 0.4763 
433, 0.4774 
434, 0.4786 
435, 0.4794 
436, 0.4801 
437, 0.4809 
438, 0.4816 
439, 0.4827 
440, 0.4838 
441, 0.4845 
442, 0.4853 
443, 0.4861 
444, 0.4868 
445, 0.4876 
446, 0.4884 
447, 0.4891 
448, 0.4899 
449, 0.4907 
450, 0.4915 
451, 0.4922 
452, 0.4934 
453, 0.4945 
454, 0.4952 
455, 0.4960 
456, 0.4971 
457, 0.4982 
458, 0.4990 
459, 0.4997 
460, 0.5009 
461, 0.5020 
462, 0.5028 
463, 0.5035 
464, 0.5042 
465, 0.5048 
466, 0.5055 
467, 0.5062 
468, 0.5072 
469, 0.5082 
470, 0.5089 
471, 0.5096 
472, 0.5100 
473, 0.5103 
474, 0.5110 
475, 0.5118 
476, 0.5125 
477, 0.5133 
478, 0.5140 
479, 0.5148 
480, 0.5155 
481, 0.5163 
482, 0.5171 
483, 0.5178 
484, 0.5186 
485, 0.5194 
486, 0.5202 
487, 0.5210 
488, 0.5218 
489, 0.5227 
490, 0.5235 
491, 0.5243 
492, 0.5252 
493, 0.5260 
494, 0.5269 
495, 0.5277 
496, 0.5285 
497, 0.5296 
498, 0.5307 
499, 0.5315 
500, 0.5322 
501, 0.5330 
502, 0.5341 
503, 0.5352 
504, 0.5360 
505, 0.5367 
506, 0.5375 
507, 0.5383 
508, 0.5390 
509, 0.5398 
510, 0.5405 
511, 0.5412 
512, 0.5420 
513, 0.5427 
514, 0.5431 
515, 0.5434 
516, 0.5442 
517, 0.5449 
518, 0.5457 
519, 0.5464 
520, 0.5468 
521, 0.5472 
522, 0.5480 
523, 0.5487 
524, 0.5495 
525, 0.5499 
526, 0.5503 
527, 0.5511 
528, 0.5519 
529, 0.5526 
530, 0.5534 
531, 0.5541 
532, 0.5548 
533, 0.5556 
534, 0.5563 
535, 0.5570 
536, 0.5578 
537, 0.5586 
538, 0.5593 
539, 0.5601 
540, 0.5609 
541, 0.5616 
542, 0.5624 
543, 0.5632 
544, 0.5640 
545, 0.5647 
546, 0.5654 
547, 0.5662 
548, 0.5669 
549, 0.5676 
550, 0.5688 
551, 0.5699 
552, 0.5706 
553, 0.5714 
554, 0.5721 
555, 0.5729 
556, 0.5737 
557, 0.5744 
558, 0.5752 
559, 0.5760 
560, 0.5767 
561, 0.5774 
562, 0.5785 
563, 0.5795 
564, 0.5803 
565, 0.5810 
566, 0.5818 
567, 0.5825 
568, 0.5833 
569, 0.5845 
570, 0.5857 
571, 0.5865 
572, 0.5873 
573, 0.5881 
574, 0.5889 
575, 0.5897 
576, 0.5908 
577, 0.5920 
578, 0.5928 
579, 0.5937 
580, 0.5945 
581, 0.5953 
582, 0.5961 
583, 0.5973 
584, 0.5986 
585, 0.5994 
586, 0.6002 
587, 0.6010 
588, 0.6017 
589, 0.6028 
590, 0.6038 
591, 0.6045 
592, 0.6052 
593, 0.6059 
594, 0.6066 
595, 0.6076 
596, 0.6087 
597, 0.6094 
598, 0.6101 
599, 0.6108 
600, 0.6116 
601, 0.6123 
602, 0.6130 
603, 0.6137 
604, 0.6144 
605, 0.6151 
606, 0.6162 
607, 0.6173 
608, 0.6181 
609, 0.6188 
610, 0.6196 
611, 0.6204 
612, 0.6212 
613, 0.6220 
614, 0.6228 
615, 0.6236 
616, 0.6244 
617, 0.6251 
618, 0.6259 
619, 0.6270 
620, 0.6281 
621, 0.6288 
622, 0.6296 
623, 0.6303 
624, 0.6311 
625, 0.6322 
626, 0.6334 
627, 0.6342 
628, 0.6349 
629, 0.6357 
630, 0.6365 
631, 0.6372 
632, 0.6379 
633, 0.6386 
634, 0.6397 
635, 0.6408 
636, 0.6416 
637, 0.6423 
638, 0.6431 
639, 0.6438 
640, 0.6446 
641, 0.6454 
642, 0.6462 
643, 0.6470 
644, 0.6478 
645, 0.6486 
646, 0.6493 
647, 0.6501 
648, 0.6512 
649, 0.6524 
650, 0.6532 
651, 0.6540 
652, 0.6548 
653, 0.6556 
654, 0.6564 
655, 0.6572 
656, 0.6581 
657, 0.6589 
658, 0.6598 
659, 0.6606 
660, 0.6615 
661, 0.6623 
662, 0.6631 
663, 0.6639 
664, 0.6647 
665, 0.6655 
666, 0.6663 
667, 0.6671 
668, 0.6675 
669, 0.6679 
670, 0.6687 
671, 0.6695 
672, 0.6703 
673, 0.6711 
674, 0.6719 
675, 0.6727 
676, 0.6735 
677, 0.6743 
678, 0.6750 
679, 0.6757 
680, 0.6767 
681, 0.6777 
682, 0.6784 
683, 0.6790 
684, 0.6801 
685, 0.6811 
686, 0.6818 
687, 0.6829 
688, 0.6841 
689, 0.6848 
690, 0.6856 
691, 0.6863 
692, 0.6871 
693, 0.6882 
694, 0.6893 
695, 0.6901 
696, 0.6909 
697, 0.6917 
698, 0.6925 
699, 0.6934 
700, 0.6942 
701, 0.6951 
702, 0.6959 
703, 0.6968 
704, 0.6976 
705, 0.6985 
706, 0.6993 
707, 0.7000 
708, 0.7008 
709, 0.7019 
710, 0.7030 
711, 0.7038 
712, 0.7046 
713, 0.7053 
714, 0.7061 
715, 0.7068 
716, 0.7076 
717, 0.7083 
718, 0.7091 
719, 0.7098 
720, 0.7106 
721, 0.7113 
722, 0.7119 
723, 0.7126 
724, 0.7133 
725, 0.7140 
726, 0.7147 
727, 0.7153 
728, 0.7160 
729, 0.7167 
730, 0.7175 
731, 0.7182 
732, 0.7189 
733, 0.7196 
734, 0.7204 
735, 0.7211 
736, 0.7219 
737, 0.7226 
738, 0.7233 
739, 0.7243 
740, 0.7254 
741, 0.7261 
742, 0.7268 
743, 0.7276 
744, 0.7283 
745, 0.7291 
746, 0.7303 
747, 0.7315 
748, 0.7323 
749, 0.7332 
750, 0.7340 
751, 0.7348 
752, 0.7355 
753, 0.7367 
754, 0.7379 
755, 0.7387 
756, 0.7395 
757, 0.7403 
758, 0.7411 
759, 0.7419 
760, 0.7427 
761, 0.7436 
762, 0.7444 
763, 0.7452 
764, 0.7461 
765, 0.7469 
766, 0.7476 
767, 0.7484 
768, 0.7491 
769, 0.7498 
770, 0.7506 
771, 0.7513 
772, 0.7520 
773, 0.7528 
774, 0.7535 
775, 0.7543 
776, 0.7550 
777, 0.7558 
778, 0.7566 
779, 0.7573 
780, 0.7581 
781, 0.7589 
782, 0.7596 
783, 0.7603 
784, 0.7614 
785, 0.7625 
786, 0.7632 
787, 0.7639 
788, 0.7647 
789, 0.7658 
790, 0.7670 
791, 0.7678 
792, 0.7686 
793, 0.7694 
794, 0.7702 
795, 0.7710 
796, 0.7717 
797, 0.7724 
798, 0.7732 
799, 0.7739 
800, 0.7746 
801, 0.7753 
802, 0.7761 
803, 0.7768 
804, 0.7776 
805, 0.7784 
806, 0.7791 
807, 0.7799 
808, 0.7807 
809, 0.7815 
810, 0.7823 
811, 0.7831 
812, 0.7838 
813, 0.7845 
814, 0.7856 
815, 0.7867 
816, 0.7874 
817, 0.7882 
818, 0.7889 
819, 0.7901 
820, 0.7912 
821, 0.7920 
822, 0.7928 
823, 0.7936 
824, 0.7944 
825, 0.7952 
826, 0.7959 
827, 0.7966 
828, 0.7973 
829, 0.7981 
830, 0.7988 
831, 0.7995 
832, 0.8003 
833, 0.8010 
834, 0.8018 
835, 0.8025 
836, 0.8033 
837, 0.8041 
838, 0.8049 
839, 0.8057 
840, 0.8065 
841, 0.8073 
842, 0.8080 
843, 0.8091 
844, 0.8101 
845, 0.8108 
846, 0.8119 
847, 0.8131 
848, 0.8138 
849, 0.8146 
850, 0.8158 
851, 0.8170 
852, 0.8178 
853, 0.8186 
854, 0.8194 
855, 0.8202 
856, 0.8209 
857, 0.8217 
858, 0.8224 
859, 0.8232 
860, 0.8240 
861, 0.8247 
862, 0.8255 
863, 0.8262 
864, 0.8270 
865, 0.8277 
866, 0.8285 
867, 0.8292 
868, 0.8300 
869, 0.8307 
870, 0.8314 
871, 0.8322 
872, 0.8330 
873, 0.8339 
874, 0.8348 
875, 0.8354 
876, 0.8365 
877, 0.8376 
878, 0.8385 
879, 0.8394 
880, 0.8403 
881, 0.8413 
882, 0.8418 
883, 0.8424 
884, 0.8435 
885, 0.8447 
886, 0.8453 
887, 0.8459 
888, 0.8466 
889, 0.8472 
890, 0.8485 
891, 0.8492 
892, 0.8499 
893, 0.8506 
894, 0.8513 
895, 0.8527 
896, 0.8534 
897, 0.8542 
898, 0.8549 
899, 0.8556 
900, 0.8563 
901, 0.8571 
902, 0.8578 
903, 0.8585 
904, 0.8599 
905, 0.8606 
906, 0.8613 
907, 0.8620 
908, 0.8627 
909, 0.8640 
910, 0.8647 
911, 0.8653 
912, 0.8663 
913, 0.8673 
914, 0.8677 
915, 0.8682 
916, 0.8691 
917, 0.8699 
918, 0.8707 
919, 0.8718 
920, 0.8729 
921, 0.8735 
922, 0.8742 
923, 0.8748 
924, 0.8758 
925, 0.8768 
926, 0.8774 
927, 0.8780 
928, 0.8787 
929, 0.8797 
930, 0.8807 
931, 0.8814 
932, 0.8821 
933, 0.8829 
934, 0.8837 
935, 0.8845 
936, 0.8853 
937, 0.8857 
938, 0.8861 
939, 0.8869 
940, 0.8878 
941, 0.8886 
942, 0.8895 
943, 0.8902 
944, 0.8909 
945, 0.8916 
946, 0.8924 
947, 0.8931 
948, 0.8938 
949, 0.8949 
950, 0.8960 
951, 0.8968 
952, 0.8976 
953, 0.8983 
954, 0.8991 
955, 0.8999 
956, 0.9007 
957, 0.9015 
958, 0.9022 
959, 0.9029 
960, 0.9040 
961, 0.9051 
962, 0.9059 
963, 0.9066 
964, 0.9074 
965, 0.9081 
966, 0.9089 
967, 0.9101 
968, 0.9112 
969, 0.9120 
970, 0.9128 
971, 0.9136 
972, 0.9143 
973, 0.9153 
974, 0.9163 
975, 0.9169 
976, 0.9180 
977, 0.9190 
978, 0.9197 
979, 0.9204 
980, 0.9211 
981, 0.9219 
982, 0.9226 
983, 0.9234 
984, 0.9241 
985, 0.9249 
986, 0.9256 
987, 0.9263 
988, 0.9270 
989, 0.9277 
990, 0.9284 
991, 0.9291 
992, 0.9299 
993, 0.9306 
994, 0.9310 
995, 0.9314 
996, 0.9322 
997, 0.9330 
998, 0.9338 
999, 0.9346 
1000, 0.9354 
1001, 0.9362 
1002, 0.9370 
1003, 0.9377 
1004, 0.9387 
1005, 0.9398 
1006, 0.9405 
1007, 0.9416 
1008, 0.9427 
1009, 0.9435 
1010, 0.9443 
1011, 0.9450 
1012, 0.9458 
1013, 0.9466 
1014, 0.9474 
1015, 0.9483 
1016, 0.9491 
1017, 0.9498 
1018, 0.9506 
1019, 0.9510 
1020, 0.9513 
1021, 0.9521 
1022, 0.9529 
1023, 0.9537 
1024, 0.9540 
1025, 0.9544 
1026, 0.9553 
1027, 0.9561 
1028, 0.9565 
1029, 0.9569 
1030, 0.9577 
1031, 0.9582 
1032, 0.9586 
1033, 0.9594 
1034, 0.9603 
1035, 0.9607 
1036, 0.9611 
1037, 0.9620 
1038, 0.9627 
1039, 0.9635 
1040, 0.9642 
1041, 0.9650 
1042, 0.9657 
1043, 0.9664 
1044, 0.9672 
1045, 0.9679 
1046, 0.9687 
1047, 0.9698 
1048, 0.9710 
1049, 0.9717 
1050, 0.9725 
1051, 0.9732 
1052, 0.9740 
1053, 0.9746 
1054, 0.9753 
1055, 0.9759 
1056, 0.9766 
1057, 0.9772 
1058, 0.9779 
1059, 0.9786 
1060, 0.9792 
1061, 0.9800 
1062, 0.9807 
1063, 0.9814 
1064, 0.9822 
1065, 0.9829 
1066, 0.9837 
1067, 0.9845 
1068, 0.9853 
1069, 0.9860 
1070, 0.9867 
1071, 0.9879 
1072, 0.9890 
1073, 0.9898 
1074, 0.9906 
1075, 0.9914 
1076, 0.9922 
1077, 0.9935 
1078, 0.9948 
1079, 0.9956 
1080, 0.9965 
1081, 0.9973 
1082, 0.9982 
1083, 0.9989 
1084, 0.9996 
1085, 1.0004 
1086, 1.0015 
1087, 1.0026 
1088, 1.0033 
1089, 1.0040 
1090, 1.0048 
1091, 1.0056 
1092, 1.0063 
1093, 1.0071 
1094, 1.0079 
1095, 1.0087 
1096, 1.0095 
1097, 1.0103 
1098, 1.0110 
1099, 1.0121 
1100, 1.0132 
1101, 1.0139 
1102, 1.0150 
1103, 1.0161 
1104, 1.0169 
1105, 1.0177 
1106, 1.0188 
1107, 1.0200 
1108, 1.0208 
1109, 1.0216 
1110, 1.0224 
1111, 1.0231 
1112, 1.0237 
1113, 1.0244 
1114, 1.0250 
1115, 1.0260 
1116, 1.0270 
1117, 1.0277 
1118, 1.0281 
1119, 1.0284 
1120, 1.0291 
1121, 1.0299 
1122, 1.0306 
1123, 1.0314 
1124, 1.0321 
1125, 1.0329 
1126, 1.0337 
1127, 1.0344 
1128, 1.0351 
1129, 1.0358 
1130, 1.0369 
1131, 1.0380 
1132, 1.0388 
1133, 1.0396 
1134, 1.0404 
1135, 1.0412 
1136, 1.0421 
1137, 1.0430 
1138, 1.0439 
1139, 1.0448 
1140, 1.0457 
1141, 1.0466 
1142, 1.0474 
1143, 1.0482 
1144, 1.0490 
1145, 1.0499 
1146, 1.0507 
1147, 1.0516 
1148, 1.0524 
1149, 1.0533 
1150, 1.0541 
1151, 1.0550 
1152, 1.0559 
1153, 1.0568 
1154, 1.0577 
1155, 1.0585 
1156, 1.0594 
1157, 1.0603 
1158, 1.0610 
1159, 1.0618 
1160, 1.0625 
1161, 1.0636 
1162, 1.0647 
1163, 1.0654 
1164, 1.0661 
1165, 1.0669 
1166, 1.0676 
1167, 1.0684 
1168, 1.0692 
1169, 1.0699 
1170, 1.0707 
1171, 1.0715 
1172, 1.0723 
1173, 1.0730 
1174, 1.0737 
1175, 1.0743 
1176, 1.0750 
1177, 1.0757 
1178, 1.0765 
1179, 1.0772 
1180, 1.0780 
1181, 1.0787 
1182, 1.0795 
1183, 1.0803 
1184, 1.0811 
1185, 1.0819 
1186, 1.0827 
1187, 1.0836 
1188, 1.0844 
1189, 1.0851 
1190, 1.0858 
1191, 1.0869 
1192, 1.0880 
1193, 1.0888 
1194, 1.0895 
1195, 1.0903 
1196, 1.0910 
1197, 1.0918 
1198, 1.0930 
1199, 1.0941 
1200, 1.0949 
1201, 1.0957 
1202, 1.0965 
1203, 1.0971 
1204, 1.0981 
1205, 1.0991 
1206, 1.0997 
1207, 1.1004 
1208, 1.1014 
1209, 1.1024 
1210, 1.1031 
1211, 1.1039 
1212, 1.1046 
1213, 1.1054 
1214, 1.1062 
1215, 1.1070 
1216, 1.1078 
1217, 1.1085 
1218, 1.1092 
1219, 1.1100 
1220, 1.1107 
1221, 1.1119 
1222, 1.1131 
1223, 1.1139 
1224, 1.1148 
1225, 1.1152 
1226, 1.1156 
1227, 1.1164 
1228, 1.1173 
1229, 1.1181 
1230, 1.1190 
1231, 1.1199 
1232, 1.1207 
1233, 1.1214 
1234, 1.1221 
1235, 1.1228 
1236, 1.1234 
1237, 1.1241 
1238, 1.1248 
1239, 1.1255 
1240, 1.1262 
1241, 1.1269 
1242, 1.1276 
1243, 1.1283 
1244, 1.1290 
1245, 1.1298 
1246, 1.1305 
1247, 1.1312 
1248, 1.1320 
1249, 1.1326 
1250, 1.1333 
1251, 1.1339 
1252, 1.1350 
1253, 1.1360 
1254, 1.1367 
1255, 1.1375 
1256, 1.1382 
1257, 1.1390 
1258, 1.1398 
1259, 1.1406 
1260, 1.1414 
1261, 1.1423 
1262, 1.1431 
1263, 1.1440 
1264, 1.1447 
1265, 1.1459 
1266, 1.1470 
1267, 1.1478 
1268, 1.1485 
1269, 1.1493 
1270, 1.1501 
1271, 1.1510 
1272, 1.1518 
1273, 1.1526 
1274, 1.1535 
1275, 1.1543 
1276, 1.1552 
1277, 1.1560 
1278, 1.1569 
1279, 1.1576 
1280, 1.1583 
1281, 1.1590 
1282, 1.1598 
1283, 1.1605 
1284, 1.1612 
1285, 1.1620 
1286, 1.1627 
1287, 1.1635 
1288, 1.1642 
1289, 1.1650 
1290, 1.1658 
1291, 1.1666 
1292, 1.1674 
1293, 1.1682 
1294, 1.1690 
1295, 1.1700 
1296, 1.1711 
1297, 1.1718 
1298, 1.1728 
1299, 1.1739 
1300, 1.1747 
1301, 1.1758 
1302, 1.1770 
1303, 1.1778 
1304, 1.1786 
1305, 1.1794 
1306, 1.1803 
1307, 1.1811 
1308, 1.1818 
1309, 1.1825 
1310, 1.1832 
1311, 1.1839 
1312, 1.1846 
1313, 1.1853 
1314, 1.1860 
1315, 1.1864 
1316, 1.1868 
1317, 1.1876 
1318, 1.1883 
1319, 1.1891 
1320, 1.1899 
1321, 1.1903 
1322, 1.1907 
1323, 1.1915 
1324, 1.1924 
1325, 1.1932 
1326, 1.1939 
1327, 1.1946 
1328, 1.1957 
1329, 1.1968 
1330, 1.1975 
1331, 1.1986 
1332, 1.1998 
1333, 1.2005 
1334, 1.2013 
1335, 1.2025 
1336, 1.2037 
1337, 1.2045 
1338, 1.2053 
1339, 1.2059 
1340, 1.2069 
1341, 1.2079 
1342, 1.2086 
1343, 1.2092 
1344, 1.2099 
1345, 1.2106 
1346, 1.2113 
1347, 1.2120 
1348, 1.2128 
1349, 1.2135 
1350, 1.2143 
1351, 1.2150 
1352, 1.2158 
1353, 1.2166 
1354, 1.2173 
1355, 1.2183 
1356, 1.2193 
1357, 1.2200 
1358, 1.2207 
1359, 1.2214 
1360, 1.2222 
1361, 1.2233 
1362, 1.2245 
1363, 1.2253 
1364, 1.2261 
1365, 1.2269 
1366, 1.2278 
1367, 1.2286 
1368, 1.2293 
1369, 1.2303 
1370, 1.2313 
1371, 1.2320 
1372, 1.2328 
1373, 1.2335 
1374, 1.2342 
1375, 1.2350 
1376, 1.2358 
1377, 1.2366 
1378, 1.2374 
1379, 1.2382 
1380, 1.2390 
1381, 1.2398 
1382, 1.2407 
1383, 1.2414 
1384, 1.2422 
1385, 1.2429 
1386, 1.2440 
1387, 1.2452 
1388, 1.2460 
1389, 1.2468 
1390, 1.2476 
1391, 1.2484 
1392, 1.2493 
1393, 1.2501 
1394, 1.2510 
1395, 1.2519 
1396, 1.2527 
1397, 1.2536 
1398, 1.2543 
1399, 1.2554 
1400, 1.2565 
1401, 1.2572 
1402, 1.2579 
1403, 1.2586 
1404, 1.2594 
1405, 1.2605 
1406, 1.2617 
1407, 1.2625 
1408, 1.2633 
1409, 1.2641 
1410, 1.2649 
1411, 1.2657 
1412, 1.2664 
1413, 1.2674 
1414, 1.2684 
1415, 1.2691 
1416, 1.2698 
1417, 1.2710 
1418, 1.2721 
1419, 1.2729 
1420, 1.2737 
1421, 1.2745 
1422, 1.2753 
1423, 1.2761 
1424, 1.2770 
1425, 1.2778 
1426, 1.2785 
1427, 1.2792 
1428, 1.2803 
1429, 1.2814 
1430, 1.2821 
1431, 1.2829 
1432, 1.2836 
1433, 1.2844 
1434, 1.2852 
1435, 1.2859 
1436, 1.2867 
1437, 1.2871 
1438, 1.2875 
1439, 1.2883 
1440, 1.2891 
1441, 1.2899 
1442, 1.2905 
1443, 1.2911 
1444, 1.2918 
1445, 1.2924 
1446, 1.2930 
1447, 1.2937 
1448, 1.2943 
1449, 1.2950 
1450, 1.2954 
1451, 1.2957 
1452, 1.2964 
1453, 1.2972 
1454, 1.2979 
1455, 1.2987 
1456, 1.2995 
1457, 1.3003 
1458, 1.3011 
1459, 1.3018 
1460, 1.3029 
1461, 1.3040 
1462, 1.3048 
1463, 1.3060 
1464, 1.3072 
1465, 1.3080 
1466, 1.3089 
1467, 1.3101 
1468, 1.3114 
1469, 1.3123 
1470, 1.3131 
1471, 1.3140 
1472, 1.3147 
1473, 1.3153 
1474, 1.3163 
1475, 1.3173 
1476, 1.3179 
1477, 1.3186 
1478, 1.3193 
1479, 1.3200 
1480, 1.3207 
1481, 1.3214 
1482, 1.3218 
1483, 1.3222 
1484, 1.3229 
1485, 1.3237 
1486, 1.3245 
1487, 1.3253 
1488, 1.3260 
1489, 1.3267 
1490, 1.3278 
1491, 1.3289 
1492, 1.3297 
1493, 1.3304 
1494, 1.3313 
1495, 1.3321 
1496, 1.3329 
1497, 1.3338 
1498, 1.3347 
1499, 1.3355 
1500, 1.3364 
1501, 1.3373 
1502, 1.3382 
1503, 1.3389 
1504, 1.3396 
1505, 1.3403 
1506, 1.3411 
1507, 1.3418 
1508, 1.3425 
1509, 1.3432 
1510, 1.3440 
1511, 1.3447 
1512, 1.3455 
1513, 1.3463 
1514, 1.3471 
1515, 1.3479 
1516, 1.3487 
1517, 1.3495 
1518, 1.3503 
1519, 1.3513 
1520, 1.3523 
1521, 1.3530 
1522, 1.3537 
1523, 1.3548 
1524, 1.3559 
1525, 1.3567 
1526, 1.3575 
1527, 1.3583 
1528, 1.3591 
1529, 1.3599 
1530, 1.3607 
1531, 1.3616 
1532, 1.3624 
1533, 1.3631 
1534, 1.3638 
1535, 1.3645 
1536, 1.3652 
1537, 1.3655 
1538, 1.3659 
1539, 1.3666 
1540, 1.3673 
1541, 1.3681 
1542, 1.3685 
1543, 1.3688 
1544, 1.3696 
1545, 1.3704 
1546, 1.3708 
1547, 1.3712 
1548, 1.3720 
1549, 1.3728 
1550, 1.3733 
1551, 1.3737 
1552, 1.3745 
1553, 1.3752 
1554, 1.3758 
1555, 1.3765 
1556, 1.3772 
1557, 1.3779 
1558, 1.3786 
1559, 1.3794 
1560, 1.3805 
1561, 1.3816 
1562, 1.3824 
1563, 1.3832 
1564, 1.3840 
1565, 1.3848 
1566, 1.3857 
1567, 1.3865 
1568, 1.3872 
1569, 1.3879 
1570, 1.3885 
1571, 1.3892 
1572, 1.3903 
1573, 1.3914 
1574, 1.3922 
1575, 1.3929 
1576, 1.3933 
1577, 1.3937 
1578, 1.3945 
1579, 1.3953 
1580, 1.3961 
1581, 1.3969 
1582, 1.3978 
1583, 1.3986 
1584, 1.3993 
1585, 1.3999 
1586, 1.4010 
1587, 1.4020 
1588, 1.4027 
1589, 1.4035 
1590, 1.4042 
1591, 1.4054 
1592, 1.4066 
1593, 1.4074 
1594, 1.4082 
1595, 1.4090 
1596, 1.4099 
1597, 1.4107 
1598, 1.4114 
1599, 1.4125 
1600, 1.4135 
1601, 1.4143 
1602, 1.4150 
1603, 1.4158 
1604, 1.4165 
1605, 1.4177 
1606, 1.4188 
1607, 1.4196 
1608, 1.4204 
1609, 1.4212 
1610, 1.4220 
1611, 1.4228 
1612, 1.4237 
1613, 1.4246 
1614, 1.4255 
1615, 1.4264 
1616, 1.4271 
1617, 1.4278 
1618, 1.4285 
1619, 1.4292 
1620, 1.4299 
1621, 1.4307 
1622, 1.4315 
1623, 1.4324 
1624, 1.4332 
1625, 1.4341 
1626, 1.4349 
1627, 1.4357 
1628, 1.4365 
1629, 1.4369 
1630, 1.4373 
1631, 1.4382 
1632, 1.4391 
1633, 1.4400 
1634, 1.4405 
1635, 1.4409 
1636, 1.4419 
1637, 1.4428 
1638, 1.4433 
1639, 1.4438 
1640, 1.4448 
1641, 1.4457 
1642, 1.4462 
1643, 1.4467 
1644, 1.4477 
1645, 1.4486 
1646, 1.4493 
1647, 1.4500 
1648, 1.4507 
1649, 1.4518 
1650, 1.4528 
1651, 1.4535 
1652, 1.4545 
1653, 1.4556 
1654, 1.4563 
1655, 1.4570 
1656, 1.4581 
1657, 1.4592 
1658, 1.4599 
1659, 1.4608 
1660, 1.4618 
1661, 1.4624 
1662, 1.4631 
1663, 1.4641 
1664, 1.4652 
1665, 1.4660 
1666, 1.4668 
1667, 1.4676 
1668, 1.4684 
1669, 1.4693 
1670, 1.4701 
1671, 1.4710 
1672, 1.4719 
1673, 1.4726 
1674, 1.4737 
1675, 1.4748 
1676, 1.4756 
1677, 1.4768 
1678, 1.4780 
1679, 1.4788 
1680, 1.4796 
1681, 1.4805 
1682, 1.4813 
1683, 1.4822 
1684, 1.4831 
1685, 1.4839 
1686, 1.4848 
1687, 1.4855 
1688, 1.4862 
1689, 1.4869 
1690, 1.4876 
1691, 1.4883 
1692, 1.4890 
1693, 1.4897 
1694, 1.4905 
1695, 1.4912 
1696, 1.4920 
1697, 1.4928 
1698, 1.4936 
1699, 1.4944 
1700, 1.4952 
1701, 1.4961 
1702, 1.4969 
1703, 1.4976 
1704, 1.4986 
1705, 1.4997 
1706, 1.5004 
1707, 1.5015 
1708, 1.5026 
1709, 1.5034 
1710, 1.5042 
1711, 1.5050 
1712, 1.5062 
1713, 1.5074 
1714, 1.5082 
1715, 1.5090 
1716, 1.5099 
1717, 1.5109 
1718, 1.5115 
1719, 1.5121 
1720, 1.5131 
1721, 1.5141 
1722, 1.5148 
1723, 1.5156 
1724, 1.5163 
1725, 1.5171 
1726, 1.5179 
1727, 1.5187 
1728, 1.5195 
1729, 1.5203 
1730, 1.5210 
1731, 1.5220 
1732, 1.5231 
1733, 1.5239 
1734, 1.5246 
1735, 1.5254 
1736, 1.5262 
1737, 1.5271 
1738, 1.5279 
1739, 1.5288 
1740, 1.5296 
1741, 1.5305 
1742, 1.5314 
1743, 1.5323 
1744, 1.5332 
1745, 1.5339 
1746, 1.5346 
1747, 1.5353 
1748, 1.5360 
1749, 1.5367 
1750, 1.5375 
1751, 1.5382 
1752, 1.5389 
1753, 1.5397 
1754, 1.5405 
1755, 1.5412 
1756, 1.5420 
1757, 1.5428 
1758, 1.5433 
1759, 1.5437 
1760, 1.5445 
1761, 1.5453 
1762, 1.5460 
1763, 1.5466 
1764, 1.5473 
1765, 1.5480 
1766, 1.5487 
1767, 1.5494 
1768, 1.5501 
1769, 1.5508 
1770, 1.5516 
1771, 1.5524 
1772, 1.5532 
1773, 1.5540 
1774, 1.5548 
1775, 1.5556 
1776, 1.5565 
1777, 1.5573 
1778, 1.5580 
1779, 1.5590 
1780, 1.5600 
1781, 1.5607 
1782, 1.5614 
1783, 1.5622 
1784, 1.5633 
1785, 1.5644 
1786, 1.5652 
1787, 1.5661 
1788, 1.5669 
1789, 1.5677 
1790, 1.5686 
1791, 1.5694 
1792, 1.5701 
1793, 1.5711 
1794, 1.5721 
1795, 1.5728 
1796, 1.5735 
1797, 1.5743 
1798, 1.5754 
1799, 1.5766 
1800, 1.5774 
1801, 1.5782 
1802, 1.5790 
1803, 1.5798 
1804, 1.5807 
1805, 1.5815 
1806, 1.5825 
1807, 1.5835 
1808, 1.5842 
1809, 1.5852 
1810, 1.5863 
1811, 1.5871 
1812, 1.5878 
1813, 1.5886 
1814, 1.5894 
1815, 1.5902 
1816, 1.5911 
1817, 1.5919 
1818, 1.5927 
1819, 1.5936 
1820, 1.5943 
1821, 1.5950 
1822, 1.5957 
1823, 1.5964 
1824, 1.5972 
1825, 1.5979 
1826, 1.5986 
1827, 1.5994 
1828, 1.6002 
1829, 1.6006 
1830, 1.6009 
1831, 1.6017 
1832, 1.6025 
1833, 1.6033 
1834, 1.6041 
1835, 1.6049 
1836, 1.6057 
1837, 1.6065 
1838, 1.6073 
1839, 1.6082 
1840, 1.6094 
1841, 1.6104 
1842, 1.6111 
1843, 1.6122 
1844, 1.6134 
1845, 1.6143 
1846, 1.6151 
1847, 1.6161 
1848, 1.6170 
1849, 1.6179 
1850, 1.6188 
1851, 1.6197 
1852, 1.6207 
1853, 1.6216 
1854, 1.6225 
1855, 1.6230 
1856, 1.6234 
1857, 1.6243 
1858, 1.6252 
1859, 1.6260 
1860, 1.6268 
1861, 1.6276 
1862, 1.6283 
1863, 1.6291 
1864, 1.6299 
1865, 1.6299 
1866, 1.6310 
1867, 1.6320 
1868, 1.6327 
1869, 1.6336 
1870, 1.6345 
1871, 1.6354 
1872, 1.6365 
1873, 1.6375 
1874, 1.6386 
1875, 1.6397 
1876, 1.6402 
1877, 1.6408 
1878, 1.6419 
1879, 1.6427 
1880, 1.6435 
1881, 1.6442 
1882, 1.6450 
1883, 1.6458 
1884, 1.6465 
1885, 1.6472 
1886, 1.6480 
1887, 1.6487 
1888, 1.6495 
1889, 1.6502 
1890, 1.6510 
1891, 1.6517 
1892, 1.6525 
1893, 1.6532 
1894, 1.6540 
1895, 1.6550 
1896, 1.6559 
1897, 1.6566 
1898, 1.6576 
1899, 1.6587 
1900, 1.6595 
1901, 1.6602 
1902, 1.6614 
1903, 1.6627 
1904, 1.6635 
1905, 1.6644 
1906, 1.6652 
1907, 1.6661 
1908, 1.6668 
1909, 1.6678 
1910, 1.6688 
1911, 1.6695 
1912, 1.6702 
1913, 1.6709 
1914, 1.6717 
1915, 1.6725 
1916, 1.6732 
1917, 1.6740 
1918, 1.6748 
1919, 1.6757 
1920, 1.6765 
1921, 1.6774 
1922, 1.6782 
1923, 1.6789 
1924, 1.6798 
1925, 1.6809 
1926, 1.6816 
1927, 1.6823 
1928, 1.6830 
1929, 1.6837 
1930, 1.6845 
1931, 1.6853 
1932, 1.6861 
1933, 1.6869 
1934, 1.6877 
1935, 1.6886 
1936, 1.6894 
1937, 1.6903 
1938, 1.6910 
1939, 1.6917 
1940, 1.6924 
1941, 1.6931 
1942, 1.6941 
1943, 1.6952 
1944, 1.6960 
1945, 1.6968 
1946, 1.6975 
1947, 1.6979 
1948, 1.6983 
1949, 1.6991 
1950, 1.6999 
1951, 1.7008 
1952, 1.7016 
1953, 1.7024 
1954, 1.7030 
1955, 1.7036 
1956, 1.7045 
1957, 1.7055 
1958, 1.7061 
1959, 1.7068 
1960, 1.7074 
1961, 1.7081 
1962, 1.7088 
1963, 1.7096 
1964, 1.7104 
1965, 1.7111 
1966, 1.7119 
1967, 1.7128 
1968, 1.7136 
1969, 1.7143 
1970, 1.7153 
1971, 1.7164 
1972, 1.7171 
1973, 1.7179 
1974, 1.7187 
1975, 1.7195 
1976, 1.7203 
1977, 1.7211 
1978, 1.7220 
1979, 1.7229 
1980, 1.7238 
1981, 1.7247 
1982, 1.7256 
1983, 1.7265 
1984, 1.7272 
1985, 1.7279 
1986, 1.7289 
1987, 1.7300 
1988, 1.7307 
1989, 1.7314 
1990, 1.7322 
1991, 1.7329 
1992, 1.7337 
1993, 1.7345 
1994, 1.7353 
1995, 1.7361 
1996, 1.7369 
1997, 1.7378 
1998, 1.7386 
1999, 1.7392 
2000, 1.7402 
2001, 1.7412 
2002, 1.7419 
2003, 1.7426 
2004, 1.7433 
2005, 1.7441 
2006, 1.7449 
2007, 1.7456 
2008, 1.7465 
2009, 1.7473 
2010, 1.7481 
2011, 1.7490 
2012, 1.7498 
2013, 1.7507 
2014, 1.7514 
2015, 1.7521 
2016, 1.7527 
2017, 1.7538 
2018, 1.7549 
2019, 1.7556 
2020, 1.7564 
2021, 1.7571 
2022, 1.7579 
2023, 1.7587 
2024, 1.7595 
2025, 1.7603 
2026, 1.7612 
2027, 1.7620 
2028, 1.7628 
2029, 1.7637 
2030, 1.7646 
2031, 1.7655 
2032, 1.7665 
2033, 1.7672 
2034, 1.7679 
2035, 1.7689 
2036, 1.7700 
2037, 1.7708 
2038, 1.7712 
2039, 1.7716 
2040, 1.7724 
2041, 1.7733 
2042, 1.7741 
2043, 1.7748 
2044, 1.7754 
2045, 1.7761 
2046, 1.7765 
2047, 1.7769 
2048, 1.7776 
2049, 1.7784 
2050, 1.7788 
2051, 1.7792 
2052, 1.7800 
2053, 1.7808 
2054, 1.7812 
2055, 1.7816 
2056, 1.7825 
2057, 1.7829 
2058, 1.7834 
2059, 1.7843 
2060, 1.7852 
2061, 1.7856 
2062, 1.7861 
2063, 1.7870 
2064, 1.7877 
2065, 1.7884 
2066, 1.7891 
2067, 1.7898 
2068, 1.7908 
2069, 1.7919 
2070, 1.7927 
2071, 1.7934 
2072, 1.7942 
2073, 1.7950 
2074, 1.7961 
2075, 1.7974 
2076, 1.7982 
2077, 1.7990 
2078, 1.7999 
2079, 1.8009 
2080, 1.8015 
2081, 1.8022 
2082, 1.8032 
2083, 1.8043 
2084, 1.8051 
2085, 1.8059 
2086, 1.8067 
2087, 1.8075 
2088, 1.8080 
2089, 1.8084 
2090, 1.8093 
2091, 1.8102 
2092, 1.8111 
2093, 1.8118 
2094, 1.8126 
2095, 1.8133 
2096, 1.8141 
2097, 1.8149 
2098, 1.8157 
2099, 1.8166 
2100, 1.8174 
2101, 1.8183 
2102, 1.8192 
2103, 1.8201 
2104, 1.8210 
2105, 1.8215 
2106, 1.8220 
2107, 1.8229 
2108, 1.8239 
2109, 1.8248 
2110, 1.8255 
2111, 1.8262 
2112, 1.8269 
2113, 1.8280 
2114, 1.8291 
2115, 1.8298 
2116, 1.8306 
2117, 1.8313 
2118, 1.8321 
2119, 1.8329 
2120, 1.8341 
2121, 1.8353 
2122, 1.8361 
2123, 1.8369 
2124, 1.8378 
2125, 1.8390 
2126, 1.8400 
2127, 1.8410 
2128, 1.8420 
2129, 1.8431 
2130, 1.8442 
2131, 1.8450 
2132, 1.8458 
2133, 1.8466 
2134, 1.8474 
2135, 1.8482 
2136, 1.8488 
2137, 1.8494 
2138, 1.8501 
2139, 1.8507 
2140, 1.8514 
2141, 1.8521 
2142, 1.8528 
2143, 1.8536 
2144, 1.8543 
2145, 1.8551 
2146, 1.8559 
2147, 1.8568 
2148, 1.8576 
2149, 1.8581 
2150, 1.8585 
2151, 1.8594 
2152, 1.8603 
2153, 1.8610 
2154, 1.8620 
2155, 1.8631 
2156, 1.8639 
2157, 1.8646 
2158, 1.8654 
2159, 1.8666 
2160, 1.8679 
2161, 1.8687 
2162, 1.8696 
2163, 1.8705 
2164, 1.8714 
2165, 1.8723 
2166, 1.8732 
2167, 1.8739 
2168, 1.8749 
2169, 1.8760 
2170, 1.8767 
2171, 1.8774 
2172, 1.8781 
2173, 1.8789 
2174, 1.8797 
2175, 1.8804 
2176, 1.8812 
2177, 1.8820 
2178, 1.8828 
2179, 1.8837 
2180, 1.8845 
2181, 1.8853 
2182, 1.8862 
2183, 1.8871 
2184, 1.8881 
2185, 1.8890 
2186, 1.8897 
2187, 1.8904 
2188, 1.8914 
2189, 1.8925 
2190, 1.8933 
2191, 1.8941 
2192, 1.8949 
2193, 1.8957 
2194, 1.8965 
2195, 1.8971 
2196, 1.8977 
2197, 1.8984 
2198, 1.8993 
2199, 1.8997 
2200, 1.9004 
2201, 1.9011 
2202, 1.9018 
2203, 1.9026 
2204, 1.9034 
2205, 1.9042 
2206, 1.9051 
2207, 1.9059 
2208, 1.9064 
2209, 1.9068 
2210, 1.9077 
2211, 1.9086 
2212, 1.9093 
2213, 1.9100 
2214, 1.9107 
2215, 1.9114 
2216, 1.9126 
2217, 1.9137 
2218, 1.9145 
2219, 1.9154 
2220, 1.9162 
2221, 1.9171 
2222, 1.9179 
2223, 1.9188 
2224, 1.9197 
2225, 1.9206 
2226, 1.9215 
2227, 1.9225 
2228, 1.9235 
2229, 1.9242 
2230, 1.9253 
2231, 1.9263 
2232, 1.9271 
2233, 1.9278 
2234, 1.9286 
2235, 1.9294 
2236, 1.9302 
2237, 1.9311 
2238, 1.9319 
2239, 1.9327 
2240, 1.9336 
2241, 1.9342 
2242, 1.9349 
2243, 1.9355 
2244, 1.9366 
2245, 1.9376 
2246, 1.9383 
2247, 1.9391 
2248, 1.9398 
2249, 1.9406 
2250, 1.9410 
2251, 1.9414 
2252, 1.9423 
2253, 1.9431 
2254, 1.9440 
2255, 1.9448 
2256, 1.9457 
2257, 1.9463 
2258, 1.9473 
2259, 1.9483 
2260, 1.9490 
2261, 1.9497 
2262, 1.9508 
2263, 1.9520 
2264, 1.9528 
2265, 1.9536 
2266, 1.9544 
2267, 1.9552 
2268, 1.9561 
2269, 1.9569 
2270, 1.9578 
2271, 1.9584 
2272, 1.9591 
2273, 1.9601 
2274, 1.9611 
2275, 1.9618 
2276, 1.9625 
2277, 1.9632 
2278, 1.9640 
2279, 1.9648 
2280, 1.9656 
2281, 1.9660 
2282, 1.9664 
2283, 1.9672 
2284, 1.9681 
2285, 1.9689 
2286, 1.9698 
2287, 1.9705 
2288, 1.9715 
2289, 1.9725 
2290, 1.9732 
2291, 1.9739 
2292, 1.9750 
2293, 1.9762 
2294, 1.9770 
2295, 1.9778 
2296, 1.9786 
2297, 1.9794 
2298, 1.9802 
2299, 1.9811 
2300, 1.9819 
2301, 1.9825 
2302, 1.9834 
2303, 1.9843 
2304, 1.9849 
2305, 1.9856 
2306, 1.9862 
2307, 1.9869 
2308, 1.9876 
2309, 1.9883 
2310, 1.9891 
2311, 1.9899 
2312, 1.9907 
2313, 1.9915 
2314, 1.9923 
2315, 1.9932 
2316, 1.9942 
2317, 1.9952 
2318, 1.9963 
2319, 1.9974 
2320, 1.9982 
2321, 1.9990 
2322, 2.0002 
2323, 2.0015 
2324, 2.0024 
2325, 2.0033 
2326, 2.0043 
2327, 2.0052 
2328, 2.0061 
2329, 2.0068 
2330, 2.0078 
2331, 2.0088 
2332, 2.0095 
2333, 2.0102 
2334, 2.0110 
2335, 2.0117 
2336, 2.0125 
2337, 2.0132 
2338, 2.0140 
2339, 2.0148 
2340, 2.0153 
2341, 2.0157 
2342, 2.0165 
2343, 2.0173 
2344, 2.0182 
2345, 2.0188 
2346, 2.0198 
2347, 2.0208 
2348, 2.0215 
2349, 2.0222 
2350, 2.0229 
2351, 2.0240 
2352, 2.0252 
2353, 2.0260 
2354, 2.0268 
2355, 2.0277 
2356, 2.0285 
2357, 2.0294 
2358, 2.0303 
2359, 2.0313 
2360, 2.0323 
2361, 2.0329 
2362, 2.0336 
2363, 2.0347 
2364, 2.0358 
2365, 2.0366 
2366, 2.0373 
2367, 2.0382 
2368, 2.0390 
2369, 2.0398 
2370, 2.0407 
2371, 2.0415 
2372, 2.0424 
2373, 2.0434 
2374, 2.0443 
2375, 2.0450 
2376, 2.0457 
2377, 2.0467 
2378, 2.0478 
2379, 2.0486 
2380, 2.0494 
2381, 2.0502 
2382, 2.0510 
2383, 2.0518 
2384, 2.0527 
2385, 2.0535 
2386, 2.0544 
2387, 2.0550 
2388, 2.0560 
2389, 2.0570 
2390, 2.0577 
2391, 2.0584 
2392, 2.0591 
2393, 2.0599 
2394, 2.0606 
2395, 2.0614 
2396, 2.0622 
2397, 2.0631 
2398, 2.0639 
2399, 2.0648 
2400, 2.0656 
2401, 2.0665 
2402, 2.0675 
2403, 2.0684 
2404, 2.0691 
2405, 2.0698 
2406, 2.0709 
2407, 2.0720 
2408, 2.0727 
2409, 2.0735 
2410, 2.0743 
2411, 2.0752 
2412, 2.0760 
2413, 2.0769 
2414, 2.0777 
2415, 2.0786 
2416, 2.0792 
2417, 2.0802 
2418, 2.0812 
2419, 2.0819 
2420, 2.0826 
2421, 2.0833 
2422, 2.0841 
2423, 2.0849 
2424, 2.0856 
2425, 2.0864 
2426, 2.0873 
2427, 2.0881 
2428, 2.0885 
2429, 2.0890 
2430, 2.0898 
2431, 2.0907 
2432, 2.0913 
2433, 2.0920 
2434, 2.0926 
2435, 2.0933 
2436, 2.0939 
2437, 2.0946 
2438, 2.0953 
2439, 2.0961 
2440, 2.0968 
2441, 2.0976 
2442, 2.0984 
2443, 2.0993 
2444, 2.1001 
2445, 2.1010 
2446, 2.1019 
2447, 2.1028 
2448, 2.1038 
2449, 2.1048 
2450, 2.1059 
2451, 2.1070 
2452, 2.1078 
2453, 2.1090 
2454, 2.1103 
2455, 2.1112 
2456, 2.1120 
2457, 2.1129 
2458, 2.1139 
2459, 2.1148 
2460, 2.1157 
2461, 2.1164 
2462, 2.1171 
2463, 2.1178 
2464, 2.1185 
2465, 2.1192 
2466, 2.1199 
2467, 2.1206 
2468, 2.1214 
2469, 2.1221 
2470, 2.1229 
2471, 2.1237 
2472, 2.1245 
2473, 2.1249 
2474, 2.1253 
2475, 2.1261 
2476, 2.1270 
2477, 2.1278 
2478, 2.1287 
2479, 2.1295 
2480, 2.1301 
2481, 2.1310 
2482, 2.1320 
2483, 2.1327 
2484, 2.1337 
2485, 2.1348 
2486, 2.1356 
2487, 2.1364 
2488, 2.1373 
2489, 2.1381 
2490, 2.1390 
2491, 2.1397 
2492, 2.1403 
2493, 2.1410 
2494, 2.1417 
2495, 2.1425 
2496, 2.1432 
2497, 2.1440 
2498, 2.1448 
2499, 2.1457 
2500, 2.1465 
2501, 2.1474 
2502, 2.1483 
2503, 2.1487 
2504, 2.1492 
2505, 2.1501 
2506, 2.1510 
2507, 2.1519 
2508, 2.1528 
2509, 2.1538 
2510, 2.1547 
2511, 2.1557 
2512, 2.1567 
2513, 2.1578 
2514, 2.1585 
2515, 2.1596 
2516, 2.1608 
2517, 2.1616 
2518, 2.1624 
2519, 2.1632 
2520, 2.1638 
2521, 2.1647 
2522, 2.1657 
2523, 2.1663 
2524, 2.1670 
2525, 2.1678 
2526, 2.1685 
2527, 2.1693 
2528, 2.1701 
2529, 2.1709 
2530, 2.1713 
2531, 2.1718 
2532, 2.1726 
2533, 2.1735 
2534, 2.1744 
2535, 2.1753 
2536, 2.1763 
2537, 2.1773 
2538, 2.1779 
2539, 2.1790 
2540, 2.1801 
2541, 2.1808 
2542, 2.1816 
2543, 2.1824 
2544, 2.1832 
2545, 2.1840 
2546, 2.1848 
2547, 2.1857 
2548, 2.1865 
2549, 2.1874 
2550, 2.1880 
2551, 2.1886 
2552, 2.1892 
2553, 2.1899 
2554, 2.1902 
2555, 2.1905 
2556, 2.1912 
2557, 2.1919 
2558, 2.1923 
2559, 2.1926 
2560, 2.1934 
2561, 2.1942 
2562, 2.1946 
2563, 2.1950 
2564, 2.1959 
2565, 2.1963 
2566, 2.1967 
2567, 2.1976 
2568, 2.1981 
2569, 2.1986 
2570, 2.1995 
2571, 2.2002 
2572, 2.2009 
2573, 2.2017 
2574, 2.2024 
2575, 2.2032 
2576, 2.2040 
2577, 2.2049 
2578, 2.2057 
2579, 2.2066 
2580, 2.2075 
2581, 2.2084 
2582, 2.2094 
2583, 2.2103 
2584, 2.2113 
2585, 2.2122 
2586, 2.2132 
2587, 2.2139 
2588, 2.2146 
2589, 2.2152 
2590, 2.2159 
2591, 2.2166 
2592, 2.2173 
2593, 2.2180 
2594, 2.2187 
2595, 2.2195 
2596, 2.2203 
2597, 2.2211 
2598, 2.2219 
2599, 2.2227 
2600, 2.2231 
2601, 2.2235 
2602, 2.2243 
2603, 2.2252 
2604, 2.2258 
2605, 2.2268 
2606, 2.2277 
2607, 2.2284 
2608, 2.2291 
2609, 2.2298 
2610, 2.2306 
2611, 2.2317 
2612, 2.2329 
2613, 2.2338 
2614, 2.2346 
2615, 2.2355 
2616, 2.2364 
2617, 2.2373 
2618, 2.2383 
2619, 2.2392 
2620, 2.2402 
2621, 2.2413 
2622, 2.2420 
2623, 2.2431 
2624, 2.2443 
2625, 2.2451 
2626, 2.2459 
2627, 2.2468 
2628, 2.2476 
2629, 2.2485 
2630, 2.2494 
2631, 2.2503 
2632, 2.2513 
2633, 2.2519 
2634, 2.2530 
2635, 2.2540 
2636, 2.2548 
2637, 2.2555 
2638, 2.2563 
2639, 2.2572 
2640, 2.2580 
2641, 2.2588 
2642, 2.2593 
2643, 2.2597 
2644, 2.2606 
2645, 2.2615 
2646, 2.2621 
2647, 2.2628 
2648, 2.2635 
2649, 2.2641 
2650, 2.2648 
2651, 2.2655 
2652, 2.2663 
2653, 2.2670 
2654, 2.2678 
2655, 2.2686 
2656, 2.2690 
2657, 2.2694 
2658, 2.2702 
2659, 2.2710 
2660, 2.2719 
2661, 2.2727 
2662, 2.2736 
2663, 2.2745 
2664, 2.2753 
2665, 2.2762 
2666, 2.2772 
2667, 2.2782 
2668, 2.2792 
2669, 2.2800 
2670, 2.2811 
2671, 2.2823 
2672, 2.2832 
2673, 2.2840 
2674, 2.2849 
2675, 2.2855 
2676, 2.2865 
2677, 2.2876 
2678, 2.2883 
2679, 2.2890 
2680, 2.2898 
2681, 2.2906 
2682, 2.2915 
2683, 2.2923 
2684, 2.2932 
2685, 2.2941 
2686, 2.2945 
2687, 2.2950 
2688, 2.2959 
2689, 2.2969 
2690, 2.2978 
2691, 2.2985 
2692, 2.2994 
2693, 2.3004 
2694, 2.3011 
2695, 2.3022 
2696, 2.3033 
2697, 2.3040 
2698, 2.3048 
2699, 2.3056 
2700, 2.3064 
2701, 2.3072 
2702, 2.3081 
2703, 2.3089 
2704, 2.3098 
2705, 2.3104 
2706, 2.3114 
2707, 2.3123 
2708, 2.3130 
2709, 2.3137 
2710, 2.3144 
2711, 2.3152 
2712, 2.3159 
2713, 2.3167 
2714, 2.3175 
2715, 2.3184 
2716, 2.3188 
2717, 2.3192 
2718, 2.3201 
2719, 2.3210 
2720, 2.3219 
2721, 2.3225 
2722, 2.3235 
2723, 2.3245 
2724, 2.3251 
2725, 2.3258 
2726, 2.3266 
2727, 2.3273 
2728, 2.3281 
2729, 2.3289 
2730, 2.3297 
2731, 2.3305 
2732, 2.3314 
2733, 2.3322 
2734, 2.3331 
2735, 2.3340 
2736, 2.3346 
2737, 2.3353 
2738, 2.3359 
2739, 2.3366 
2740, 2.3372 
2741, 2.3379 
2742, 2.3386 
2743, 2.3394 
2744, 2.3402 
2745, 2.3409 
2746, 2.3418 
2747, 2.3426 
2748, 2.3435 
2749, 2.3439 
2750, 2.3443 
2751, 2.3452 
2752, 2.3461 
2753, 2.3467 
2754, 2.3473 
2755, 2.3483 
2756, 2.3493 
2757, 2.3500 
2758, 2.3507 
2759, 2.3515 
2760, 2.3522 
2761, 2.3530 
2762, 2.3539 
2763, 2.3547 
2764, 2.3556 
2765, 2.3564 
2766, 2.3573 
2767, 2.3582 
2768, 2.3591 
2769, 2.3601 
2770, 2.3607 
2771, 2.3614 
2772, 2.3621 
2773, 2.3632 
2774, 2.3643 
2775, 2.3651 
2776, 2.3659 
2777, 2.3668 
2778, 2.3672 
2779, 2.3676 
2780, 2.3685 
2781, 2.3694 
2782, 2.3703 
2783, 2.3710 
2784, 2.3716 
2785, 2.3723 
2786, 2.3730 
2787, 2.3737 
2788, 2.3745 
2789, 2.3752 
2790, 2.3759 
2791, 2.3767 
2792, 2.3775 
2793, 2.3783 
2794, 2.3791 
2795, 2.3799 
2796, 2.3807 
2797, 2.3815 
2798, 2.3823 
2799, 2.3830 
2800, 2.3837 
2801, 2.3845 
2802, 2.3853 
2803, 2.3859 
2804, 2.3866 
2805, 2.3873 
2806, 2.3881 
2807, 2.3890 
2808, 2.3900 
2809, 2.3910 
2810, 2.3920 
2811, 2.3926 
2812, 2.3932 
2813, 2.3944 
2814, 2.3955 
2815, 2.3961 
2816, 2.3966 
2817, 2.3978 
2818, 2.3991 
2819, 2.3998 
2820, 2.4004 
2821, 2.4018 
2822, 2.4025 
2823, 2.4032 
2824, 2.4039 
2825, 2.4046 
2826, 2.4060 
2827, 2.4068 
2828, 2.4075 
2829, 2.4083 
2830, 2.4090 
2831, 2.4097 
2832, 2.4105 
2833, 2.4112 
2834, 2.4120 
2835, 2.4134 
2836, 2.4141 
2837, 2.4148 
2838, 2.4155 
2839, 2.4162 
2840, 2.4171 
2841, 2.4176 
2842, 2.4181 
2843, 2.4189 
2844, 2.4197 
2845, 2.4205 
2846, 2.4213 
2847, 2.4217 
2848, 2.4220 
2849, 2.4227 
2850, 2.4234 
2851, 2.4241 
2852, 2.4248 
2853, 2.4255 
2854, 2.4262 
2855, 2.4269 
2856, 2.4276 
2857, 2.4283 
2858, 2.4290 
2859, 2.4298 
2860, 2.4306 
2861, 2.4315 
2862, 2.4325 
2863, 2.4336 
2864, 2.4344 
2865, 2.4352 
2866, 2.4360 
2867, 2.4369 
2868, 2.4378 
2869, 2.4387 
2870, 2.4396 
2871, 2.4402 
2872, 2.4412 
2873, 2.4422 
2874, 2.4430 
2875, 2.4437 
2876, 2.4445 
2877, 2.4453 
2878, 2.4461 
2879, 2.4469 
2880, 2.4478 
2881, 2.4487 
2882, 2.4491 
2883, 2.4496 
2884, 2.4505 
2885, 2.4515 
2886, 2.4524 
2887, 2.4534 
2888, 2.4544 
2889, 2.4551 
2890, 2.4561 
2891, 2.4572 
2892, 2.4579 
2893, 2.4587 
2894, 2.4595 
2895, 2.4603 
2896, 2.4611 
2897, 2.4619 
2898, 2.4628 
2899, 2.4636 
2900, 2.4645 
2901, 2.4651 
2902, 2.4656 
2903, 2.4662 
2904, 2.4668 
2905, 2.4674 
2906, 2.4681 
2907, 2.4687 
2908, 2.4694 
2909, 2.4701 
2910, 2.4709 
2911, 2.4713 
2912, 2.4716 
2913, 2.4724 
2914, 2.4732 
2915, 2.4741 
2916, 2.4745 
2917, 2.4749 
2918, 2.4758 
2919, 2.4764 
2920, 2.4770 
2921, 2.4779 
2922, 2.4789 
2923, 2.4796 
2924, 2.4803 
2925, 2.4811 
2926, 2.4819 
2927, 2.4827 
2928, 2.4835 
2929, 2.4843 
2930, 2.4852 
2931, 2.4861 
2932, 2.4870 
2933, 2.4879 
2934, 2.4885 
2935, 2.4894 
2936, 2.4904 
2937, 2.4911 
2938, 2.4917 
2939, 2.4924 
2940, 2.4932 
2941, 2.4939 
2942, 2.4947 
2943, 2.4956 
2944, 2.4964 
2945, 2.4973 
2946, 2.4977 
2947, 2.4982 
2948, 2.4991 
2949, 2.5000 
2950, 2.5006 
2951, 2.5013 
2952, 2.5023 
2953, 2.5034 
2954, 2.5042 
2955, 2.5049 
2956, 2.5057 
2957, 2.5066 
2958, 2.5074 
2959, 2.5078 
2960, 2.5083 
2961, 2.5092 
2962, 2.5101 
2963, 2.5110 
2964, 2.5115 
2965, 2.5120 
2966, 2.5129 
2967, 2.5135 
2968, 2.5142 
2969, 2.5149 
2970, 2.5155 
2971, 2.5159 
2972, 2.5162 
2973, 2.5169 
2974, 2.5176 
2975, 2.5184 
2976, 2.5191 
2977, 2.5195 
2978, 2.5199 
2979, 2.5207 
2980, 2.5216 
2981, 2.5224 
2982, 2.5228 
2983, 2.5233 
2984, 2.5241 
2985, 2.5250 
2986, 2.5259 
2987, 2.5268 
2988, 2.5274 
2989, 2.5284 
2990, 2.5294 
2991, 2.5301 
2992, 2.5313 
2993, 2.5325 
2994, 2.5334 
2995, 2.5342 
2996, 2.5351 
2997, 2.5361 
2998, 2.5370 
2999, 2.5377 
3000, 2.5387 
3001, 2.5397 
3002, 2.5405 
3003, 2.5412 
3004, 2.5420 
3005, 2.5428 
3006, 2.5436 
3007, 2.5445 
3008, 2.5454 
3009, 2.5463 
3010, 2.5472 
3011, 2.5476 
3012, 2.5481 
3013, 2.5490 
3014, 2.5499 
3015, 2.5508 
3016, 2.5517 
3017, 2.5523 
3018, 2.5533 
3019, 2.5542 
3020, 2.5549 
3021, 2.5556 
3022, 2.5564 
3023, 2.5571 
3024, 2.5579 
3025, 2.5587 
3026, 2.5591 
3027, 2.5595 
3028, 2.5604 
3029, 2.5612 
3030, 2.5618 
3031, 2.5624 
3032, 2.5630 
3033, 2.5636 
3034, 2.5639 
3035, 2.5642 
3036, 2.5649 
3037, 2.5656 
3038, 2.5664 
3039, 2.5668 
3040, 2.5671 
3041, 2.5679 
3042, 2.5688 
3043, 2.5692 
3044, 2.5697 
3045, 2.5705 
3046, 2.5714 
3047, 2.5719 
3048, 2.5724 
3049, 2.5733 
3050, 2.5739 
3051, 2.5749 
3052, 2.5759 
3053, 2.5770 
3054, 2.5781 
3055, 2.5788 
3056, 2.5796 
3057, 2.5804 
3058, 2.5812 
3059, 2.5820 
3060, 2.5828 
3061, 2.5837 
3062, 2.5845 
3063, 2.5854 
3064, 2.5859 
3065, 2.5865 
3066, 2.5870 
3067, 2.5876 
3068, 2.5878 
3069, 2.5881 
3070, 2.5887 
3071, 2.5894 
3072, 2.5897 
3073, 2.5900 
3074, 2.5908 
3075, 2.5911 
3076, 2.5915 
3077, 2.5923 
3078, 2.5927 
3079, 2.5931 
3080, 2.5940 
3081, 2.5944 
3082, 2.5948 
3083, 2.5958 
3084, 2.5962 
3085, 2.5967 
3086, 2.5974 
3087, 2.5981 
3088, 2.5989 
3089, 2.5997 
3090, 2.6001 
3091, 2.6005 
3092, 2.6013 
3093, 2.6022 
3094, 2.6031 
3095, 2.6041 
3096, 2.6050 
3097, 2.6060 
3098, 2.6070 
3099, 2.6081 
3100, 2.6086 
3101, 2.6091 
3102, 2.6102 
3103, 2.6112 
3104, 2.6119 
3105, 2.6126 
3106, 2.6133 
3107, 2.6143 
3108, 2.6154 
3109, 2.6161 
3110, 2.6168 
3111, 2.6172 
3112, 2.6176 
3113, 2.6183 
3114, 2.6191 
3115, 2.6199 
3116, 2.6207 
3117, 2.6215 
3118, 2.6220 
3119, 2.6224 
3120, 2.6232 
3121, 2.6237 
3122, 2.6243 
3123, 2.6249 
3124, 2.6254 
3125, 2.6260 
3126, 2.6267 
3127, 2.6273 
3128, 2.6280 
3129, 2.6287 
3130, 2.6295 
3131, 2.6303 
3132, 2.6311 
3133, 2.6319 
3134, 2.6323 
3135, 2.6327 
3136, 2.6336 
3137, 2.6345 
3138, 2.6351 
3139, 2.6360 
3140, 2.6369 
3141, 2.6376 
3142, 2.6383 
3143, 2.6390 
3144, 2.6397 
3145, 2.6405 
3146, 2.6413 
3147, 2.6421 
3148, 2.6430 
3149, 2.6439 
3150, 2.6448 
3151, 2.6452 
3152, 2.6457 
3153, 2.6466 
3154, 2.6472 
3155, 2.6478 
3156, 2.6485 
3157, 2.6491 
3158, 2.6498 
3159, 2.6505 
3160, 2.6508 
3161, 2.6512 
3162, 2.6519 
3163, 2.6527 
3164, 2.6531 
3165, 2.6535 
3166, 2.6543 
3167, 2.6552 
3168, 2.6556 
3169, 2.6560 
3170, 2.6569 
3171, 2.6573 
3172, 2.6578 
3173, 2.6587 
3174, 2.6593 
3175, 2.6599 
3176, 2.6605 
3177, 2.6612 
3178, 2.6618 
3179, 2.6625 
3180, 2.6632 
3181, 2.6640 
3182, 2.6644 
3183, 2.6648 
3184, 2.6656 
3185, 2.6664 
3186, 2.6672 
3187, 2.6681 
3188, 2.6685 
3189, 2.6690 
3190, 2.6699 
3191, 2.6708 
3192, 2.6714 
3193, 2.6720 
3194, 2.6727 
3195, 2.6733 
3196, 2.6740 
3197, 2.6747 
3198, 2.6754 
3199, 2.6761 
3200, 2.6769 
3201, 2.6777 
3202, 2.6785 
3203, 2.6794 
3204, 2.6802 
3205, 2.6807 
3206, 2.6811 
3207, 2.6820 
3208, 2.6829 
3209, 2.6835 
3210, 2.6841 
3211, 2.6850 
3212, 2.6860 
3213, 2.6866 
3214, 2.6873 
3215, 2.6881 
3216, 2.6888 
3217, 2.6896 
3218, 2.6900 
3219, 2.6904 
3220, 2.6913 
3221, 2.6922 
3222, 2.6931 
3223, 2.6935 
3224, 2.6940 
3225, 2.6949 
3226, 2.6955 
3227, 2.6962 
3228, 2.6969 
3229, 2.6975 
3230, 2.6983 
3231, 2.6990 
3232, 2.6994 
3233, 2.6998 
3234, 2.7006 
3235, 2.7014 
3236, 2.7023 
3237, 2.7027 
3238, 2.7031 
3239, 2.7040 
3240, 2.7045 
3241, 2.7050 
3242, 2.7059 
3243, 2.7064 
3244, 2.7068 
3245, 2.7078 
3246, 2.7084 
3247, 2.7091 
3248, 2.7097 
3249, 2.7104 
3250, 2.7110 
3251, 2.7114 
3252, 2.7117 
3253, 2.7124 
3254, 2.7132 
3255, 2.7139 
3256, 2.7147 
3257, 2.7151 
3258, 2.7155 
3259, 2.7164 
3260, 2.7172 
3261, 2.7181 
3262, 2.7186 
3263, 2.7190 
3264, 2.7199 
3265, 2.7205 
3266, 2.7211 
3267, 2.7217 
3268, 2.7224 
3269, 2.7230 
3270, 2.7237 
3271, 2.7244 
3272, 2.7252 
3273, 2.7259 
3274, 2.7267 
3275, 2.7276 
3276, 2.7284 
3277, 2.7293 
3278, 2.7302 
3279, 2.7306 
3280, 2.7311 
3281, 2.7320 
3282, 2.7326 
3283, 2.7332 
3284, 2.7338 
3285, 2.7345 
3286, 2.7351 
3287, 2.7358 
3288, 2.7365 
3289, 2.7373 
3290, 2.7376 
3291, 2.7380 
3292, 2.7388 
3293, 2.7397 
3294, 2.7405 
3295, 2.7409 
3296, 2.7414 
3297, 2.7423 
3298, 2.7427 
3299, 2.7432 
3300, 2.7441 
3301, 2.7447 
3302, 2.7453 
3303, 2.7460 
3304, 2.7466 
3305, 2.7473 
3306, 2.7480 
3307, 2.7483 
3308, 2.7487 
3309, 2.7495 
3310, 2.7502 
3311, 2.7510 
3312, 2.7514 
3313, 2.7518 
3314, 2.7527 
3315, 2.7531 
3316, 2.7535 
3317, 2.7544 
3318, 2.7549 
3319, 2.7553 
3320, 2.7562 
3321, 2.7568 
3322, 2.7573 
3323, 2.7579 
3324, 2.7582 
3325, 2.7585 
3326, 2.7591 
3327, 2.7598 
3328, 2.7604 
3329, 2.7608 
3330, 2.7611 
3331, 2.7618 
3332, 2.7622 
3333, 2.7626 
3334, 2.7633 
3335, 2.7641 
3336, 2.7645 
3337, 2.7649 
3338, 2.7658 
3339, 2.7662 
3340, 2.7666 
3341, 2.7675 
3342, 2.7680 
3343, 2.7686 
3344, 2.7692 
3345, 2.7698 
3346, 2.7704 
3347, 2.7711 
3348, 2.7718 
3349, 2.7725 
3350, 2.7733 
3351, 2.7741 
3352, 2.7745 
3353, 2.7749 
3354, 2.7758 
3355, 2.7767 
3356, 2.7776 
3357, 2.7781 
3358, 2.7785 
3359, 2.7795 
3360, 2.7802 
3361, 2.7808 
3362, 2.7815 
3363, 2.7822 
3364, 2.7830 
3365, 2.7833 
3366, 2.7837 
3367, 2.7845 
3368, 2.7853 
3369, 2.7861 
3370, 2.7865 
3371, 2.7870 
3372, 2.7878 
3373, 2.7883 
3374, 2.7887 
3375, 2.7896 
3376, 2.7901 
3377, 2.7906 
3378, 2.7915 
3379, 2.7919 
3380, 2.7924 
3381, 2.7930 
3382, 2.7935 
3383, 2.7938 
3384, 2.7941 
3385, 2.7947 
3386, 2.7953 
3387, 2.7959 
3388, 2.7963 
3389, 2.7966 
3390, 2.7973 
3391, 2.7980 
3392, 2.7983 
3393, 2.7987 
3394, 2.7995 
3395, 2.7999 
3396, 2.8003 
3397, 2.8011 
3398, 2.8015 
3399, 2.8019 
3400, 2.8028 
3401, 2.8033 
3402, 2.8037 
3403, 2.8043 
3404, 2.8049 
3405, 2.8052 
3406, 2.8056 
3407, 2.8062 
3408, 2.8069 
3409, 2.8076 
3410, 2.8080 
3411, 2.8084 
3412, 2.8092 
3413, 2.8100 
3414, 2.8105 
3415, 2.8109 
3416, 2.8118 
3417, 2.8127 
3418, 2.8132 
3419, 2.8137 
3420, 2.8146 
3421, 2.8151 
3422, 2.8156 
3423, 2.8166 
3424, 2.8172 
3425, 2.8179 
3426, 2.8185 
3427, 2.8192 
3428, 2.8199 
3429, 2.8206 
3430, 2.8213 
3431, 2.8221 
3432, 2.8228 
3433, 2.8232 
3434, 2.8236 
3435, 2.8244 
3436, 2.8253 
3437, 2.8257 
3438, 2.8261 
3439, 2.8270 
3440, 2.8274 
3441, 2.8278 
3442, 2.8287 
3443, 2.8293 
3444, 2.8298 
3445, 2.8304 
3446, 2.8307 
3447, 2.8310 
3448, 2.8316 
3449, 2.8322 
3450, 2.8325 
3451, 2.8329 
3452, 2.8335 
3453, 2.8339 
3454, 2.8343 
3455, 2.8350 
3456, 2.8354 
3457, 2.8358 
3458, 2.8366 
3459, 2.8370 
3460, 2.8374 
3461, 2.8378 
3462, 2.8383 
3463, 2.8391 
3464, 2.8396 
3465, 2.8400 
3466, 2.8406 
3467, 2.8408 
3468, 2.8411 
3469, 2.8417 
3470, 2.8423 
3471, 2.8430 
3472, 2.8433 
3473, 2.8436 
3474, 2.8443 
3475, 2.8451 
3476, 2.8454 
3477, 2.8458 
3478, 2.8466 
3479, 2.8471 
3480, 2.8475 
3481, 2.8484 
3482, 2.8488 
3483, 2.8493 
3484, 2.8502 
3485, 2.8511 
3486, 2.8516 
3487, 2.8521 
3488, 2.8527 
3489, 2.8534 
3490, 2.8541 
3491, 2.8548 
3492, 2.8551 
3493, 2.8555 
3494, 2.8562 
3495, 2.8570 
3496, 2.8578 
3497, 2.8582 
3498, 2.8586 
3499, 2.8595 
3500, 2.8603 
3501, 2.8608 
3502, 2.8612 
3503, 2.8621 
3504, 2.8626 
3505, 2.8630 
3506, 2.8640 
3507, 2.8644 
3508, 2.8649 
3509, 2.8655 
3510, 2.8661 
3511, 2.8664 
3512, 2.8667 
3513, 2.8673 
3514, 2.8679 
3515, 2.8685 
3516, 2.8689 
3517, 2.8692 
3518, 2.8699 
3519, 2.8702 
3520, 2.8706 
3521, 2.8713 
3522, 2.8717 
3523, 2.8721 
3524, 2.8729 
3525, 2.8733 
3526, 2.8737 
3527, 2.8741 
3528, 2.8745 
3529, 2.8753 
3530, 2.8758 
3531, 2.8762 
3532, 2.8767 
3533, 2.8770 
3534, 2.8773 
3535, 2.8778 
3536, 2.8784 
3537, 2.8787 
3538, 2.8790 
3539, 2.8797 
3540, 2.8800 
3541, 2.8804 
3542, 2.8811 
3543, 2.8815 
3544, 2.8819 
3545, 2.8827 
3546, 2.8831 
3547, 2.8836 
3548, 2.8845 
3549, 2.8849 
3550, 2.8854 
3551, 2.8859 
3552, 2.8863 
3553, 2.8873 
3554, 2.8878 
3555, 2.8883 
3556, 2.8890 
3557, 2.8893 
3558, 2.8897 
3559, 2.8904 
3560, 2.8912 
3561, 2.8919 
3562, 2.8923 
3563, 2.8927 
3564, 2.8936 
3565, 2.8940 
3566, 2.8944 
3567, 2.8953 
3568, 2.8958 
3569, 2.8962 
3570, 2.8971 
3571, 2.8976 
3572, 2.8981 
3573, 2.8986 
3574, 2.8991 
3575, 2.9000 
3576, 2.9005 
3577, 2.9010 
3578, 2.9015 
3579, 2.9020 
3580, 2.9026 
3581, 2.9029 
3582, 2.9032 
3583, 2.9039 
3584, 2.9042 
3585, 2.9045 
3586, 2.9051 
3587, 2.9054 
3588, 2.9058 
3589, 2.9061 
3590, 2.9064 
3591, 2.9071 
3592, 2.9075 
3593, 2.9078 
3594, 2.9082 
3595, 2.9085 
3596, 2.9089 
3597, 2.9093 
3598, 2.9097 
3599, 2.9101 
3600, 2.9109 
3601, 2.9113 
3602, 2.9117 
3603, 2.9121 
3604, 2.9125 
3605, 2.9129 
3606, 2.9133 
3607, 2.9138 
3608, 2.9141 
3609, 2.9143 
3610, 2.9148 
3611, 2.9151 
3612, 2.9154 
3613, 2.9160 
3614, 2.9166 
3615, 2.9169 
3616, 2.9172 
3617, 2.9179 
3618, 2.9183 
3619, 2.9186 
3620, 2.9194 
3621, 2.9198 
3622, 2.9202 
3623, 2.9206 
3624, 2.9210 
3625, 2.9219 
3626, 2.9223 
3627, 2.9228 
3628, 2.9237 
3629, 2.9241 
3630, 2.9246 
3631, 2.9252 
3632, 2.9258 
3633, 2.9262 
3634, 2.9265 
3635, 2.9272 
3636, 2.9279 
3637, 2.9282 
3638, 2.9286 
3639, 2.9294 
3640, 2.9302 
3641, 2.9306 
3642, 2.9310 
3643, 2.9319 
3644, 2.9323 
3645, 2.9328 
3646, 2.9337 
3647, 2.9342 
3648, 2.9346 
3649, 2.9351 
3650, 2.9356 
3651, 2.9365 
3652, 2.9370 
3653, 2.9375 
3654, 2.9381 
3655, 2.9387 
3656, 2.9390 
3657, 2.9393 
3658, 2.9400 
3659, 2.9406 
3660, 2.9410 
3661, 2.9413 
3662, 2.9420 
3663, 2.9424 
3664, 2.9427 
3665, 2.9435 
3666, 2.9439 
3667, 2.9443 
3668, 2.9451 
3669, 2.9455 
3670, 2.9459 
3671, 2.9464 
3672, 2.9468 
3673, 2.9477 
3674, 2.9481 
3675, 2.9486 
3676, 2.9490 
3677, 2.9495 
3678, 2.9501 
3679, 2.9504 
3680, 2.9507 
3681, 2.9513 
3682, 2.9516 
3683, 2.9520 
3684, 2.9526 
3685, 2.9530 
3686, 2.9533 
3687, 2.9540 
3688, 2.9544 
3689, 2.9548 
3690, 2.9552 
3691, 2.9556 
3692, 2.9564 
3693, 2.9568 
3694, 2.9572 
3695, 2.9576 
3696, 2.9580 
3697, 2.9585 
3698, 2.9589 
3699, 2.9598 
3700, 2.9602 
3701, 2.9607 
3702, 2.9611 
3703, 2.9616 
3704, 2.9621 
3705, 2.9624 
3706, 2.9627 
3707, 2.9632 
3708, 2.9638 
3709, 2.9641 
3710, 2.9644 
3711, 2.9650 
3712, 2.9654 
3713, 2.9657 
3714, 2.9664 
3715, 2.9667 
3716, 2.9671 
3717, 2.9678 
3718, 2.9682 
3719, 2.9686 
3720, 2.9694 
3721, 2.9698 
3722, 2.9702 
3723, 2.9707 
3724, 2.9711 
3725, 2.9720 
3726, 2.9724 
3727, 2.9729 
3728, 2.9735 
3729, 2.9738 
3730, 2.9741 
3731, 2.9747 
3732, 2.9754 
3733, 2.9757 
3734, 2.9761 
3735, 2.9768 
3736, 2.9775 
3737, 2.9779 
3738, 2.9783 
3739, 2.9787 
3740, 2.9792 
3741, 2.9800 
3742, 2.9805 
3743, 2.9809 
3744, 2.9814 
3745, 2.9819 
3746, 2.9828 
3747, 2.9833 
3748, 2.9838 
3749, 2.9843 
3750, 2.9848 
3751, 2.9853 
3752, 2.9858 
3753, 2.9865 
3754, 2.9868 
3755, 2.9871 
3756, 2.9875 
3757, 2.9878 
3758, 2.9885 
3759, 2.9889 
3760, 2.9892 
3761, 2.9900 
3762, 2.9904 
3763, 2.9908 
3764, 2.9912 
3765, 2.9915 
3766, 2.9920 
3767, 2.9924 
3768, 2.9932 
3769, 2.9937 
3770, 2.9941 
3771, 2.9945 
3772, 2.9950 
3773, 2.9954 
3774, 2.9959 
3775, 2.9964 
3776, 2.9968 
3777, 2.9973 
3778, 2.9978 
3779, 2.9982 
3780, 2.9987 
3781, 2.9990 
3782, 2.9993 
3783, 2.9999 
3784, 3.0002 
3785, 3.0005 
3786, 3.0011 
3787, 3.0014 
3788, 3.0017 
3789, 3.0024 
3790, 3.0028 
3791, 3.0031 
3792, 3.0035 
3793, 3.0038 
3794, 3.0046 
3795, 3.0050 
3796, 3.0054 
3797, 3.0058 
3798, 3.0062 
3799, 3.0067 
3800, 3.0071 
3801, 3.0080 
3802, 3.0085 
3803, 3.0089 
3804, 3.0094 
3805, 3.0098 
3806, 3.0103 
3807, 3.0108 
3808, 3.0114 
3809, 3.0117 
3810, 3.0121 
3811, 3.0127 
3812, 3.0131 
3813, 3.0134 
3814, 3.0141 
3815, 3.0145 
3816, 3.0149 
3817, 3.0156 
3818, 3.0160 
3819, 3.0164 
3820, 3.0169 
3821, 3.0173 
3822, 3.0181 
3823, 3.0186 
3824, 3.0190 
3825, 3.0195 
3826, 3.0199 
3827, 3.0209 
3828, 3.0213 
3829, 3.0218 
3830, 3.0223 
3831, 3.0227 
3832, 3.0232 
3833, 3.0237 
3834, 3.0243 
3835, 3.0246 
3836, 3.0249 
3837, 3.0255 
3838, 3.0258 
3839, 3.0261 
3840, 3.0267 
3841, 3.0270 
3842, 3.0273 
3843, 3.0276 
3844, 3.0280 
3845, 3.0287 
3846, 3.0290 
3847, 3.0294 
3848, 3.0297 
3849, 3.0301 
3850, 3.0305 
3851, 3.0308 
3852, 3.0316 
3853, 3.0320 
3854, 3.0324 
3855, 3.0328 
3856, 3.0332 
3857, 3.0336 
3858, 3.0341 
3859, 3.0345 
3860, 3.0349 
3861, 3.0354 
3862, 3.0356 
3863, 3.0359 
3864, 3.0362 
3865, 3.0364 
3866, 3.0370 
3867, 3.0373 
3868, 3.0375 
3869, 3.0382 
3870, 3.0385 
3871, 3.0388 
3872, 3.0391 
3873, 3.0395 
3874, 3.0398 
3875, 3.0402 
3876, 3.0410 
3877, 3.0414 
3878, 3.0418 
3879, 3.0422 
3880, 3.0426 
3881, 3.0430 
3882, 3.0435 
3883, 3.0439 
3884, 3.0443 
3885, 3.0448 
3886, 3.0453 
3887, 3.0457 
3888, 3.0462 
3889, 3.0465 
3890, 3.0468 
3891, 3.0474 
3892, 3.0477 
3893, 3.0480 
3894, 3.0487 
3895, 3.0491 
3896, 3.0494 
3897, 3.0498 
3898, 3.0501 
3899, 3.0509 
3900, 3.0513 
3901, 3.0517 
3902, 3.0521 
3903, 3.0525 
3904, 3.0530 
3905, 3.0534 
3906, 3.0538 
3907, 3.0543 
3908, 3.0552 
3909, 3.0557 
3910, 3.0562 
3911, 3.0566 
3912, 3.0571 
3913, 3.0576 
3914, 3.0581 
3915, 3.0586 
3916, 3.0591 
3917, 3.0597 
3918, 3.0601 
3919, 3.0604 
3920, 3.0610 
3921, 3.0614 
3922, 3.0617 
3923, 3.0624 
3924, 3.0627 
3925, 3.0631 
3926, 3.0638 
3927, 3.0642 
3928, 3.0645 
3929, 3.0653 
3930, 3.0657 
3931, 3.0661 
3932, 3.0665 
3933, 3.0669 
3934, 3.0673 
3935, 3.0677 
3936, 3.0686 
3937, 3.0690 
3938, 3.0695 
3939, 3.0699 
3940, 3.0703 
3941, 3.0708 
3942, 3.0712 
3943, 3.0717 
3944, 3.0720 
3945, 3.0722 
3946, 3.0725 
3947, 3.0727 
3948, 3.0733 
3949, 3.0736 
3950, 3.0738 
3951, 3.0744 
3952, 3.0748 
3953, 3.0751 
3954, 3.0754 
3955, 3.0757 
3956, 3.0761 
3957, 3.0765 
3958, 3.0768 
3959, 3.0772 
3960, 3.0776 
3961, 3.0780 
3962, 3.0784 
3963, 3.0788 
3964, 3.0793 
3965, 3.0797 
3966, 3.0802 
3967, 3.0806 
3968, 3.0811 
3969, 3.0815 
3970, 3.0820 
3971, 3.0825 
3972, 3.0828 
3973, 3.0831 
3974, 3.0838 
3975, 3.0842 
3976, 3.0845 
3977, 3.0849 
3978, 3.0852 
3979, 3.0860 
3980, 3.0864 
3981, 3.0868 
3982, 3.0872 
3983, 3.0876 
3984, 3.0881 
3985, 3.0885 
3986, 3.0889 
3987, 3.0894 
3988, 3.0898 
3989, 3.0903 
3990, 3.0908 
3991, 3.0913 
3992, 3.0917 
3993, 3.0922 
3994, 3.0927 
3995, 3.0932 
3996, 3.0937 
3997, 3.0942 
3998, 3.0947 
3999, 3.0952 
4000, 3.0957 
4001, 3.0962 
4002, 3.0965 
4003, 3.0968 
4004, 3.0974 
4005, 3.0977 
4006, 3.0980 
4007, 3.0983 
4008, 3.0986 
4009, 3.0992 
4010, 3.0995 
4011, 3.0998 
4012, 3.1001 
4013, 3.1005 
4014, 3.1008 
4015, 3.1011 
4016, 3.1018 
4017, 3.1022 
4018, 3.1026 
4019, 3.1029 
4020, 3.1033 
4021, 3.1037 
4022, 3.1041 
4023, 3.1045 
4024, 3.1049 
4025, 3.1053 
4026, 3.1057 
4027, 3.1061 
4028, 3.1065 
4029, 3.1070 
4030, 3.1074 
4031, 3.1077 
4032, 3.1079 
4033, 3.1085 
4034, 3.1088 
4035, 3.1090 
4036, 3.1096 
4037, 3.1100 
4038, 3.1103 
4039, 3.1109 
4040, 3.1113 
4041, 3.1116 
4042, 3.1120 
4043, 3.1124 
4044, 3.1132 
4045, 3.1136 
4046, 3.1140 
4047, 3.1144 
4048, 3.1148 
4049, 3.1153 
4050, 3.1157 
4051, 3.1166 
4052, 3.1171 
4053, 3.1176 
4054, 3.1181 
4055, 3.1185 
4056, 3.1190 
4057, 3.1195 
4058, 3.1201 
4059, 3.1204 
4060, 3.1207 
4061, 3.1214 
4062, 3.1217 
4063, 3.1220 
4064, 3.1227 
4065, 3.1230 
4066, 3.1234 
4067, 3.1238 
4068, 3.1241 
4069, 3.1249 
4070, 3.1252 
4071, 3.1256 
4072, 3.1260 
4073, 3.1264 
4074, 3.1273 
4075, 3.1277 
4076, 3.1281 
4077, 3.1285 
4078, 3.1290 
4079, 3.1294 
4080, 3.1298 
4081, 3.1303 
4082, 3.1307 
